176, 9008, 2751, 0, 3168, 79, 
176, 8581, 2869, 0, 3099, 76, 
180, 8828, 2794, 0, 3080, 78, 
195, 8737, 2835, 0, 3216, 78, 
176, 8580, 2744, 0, 3044, 76, 
177, 8573, 2875, 0, 3064, 76, 
176, 8705, 2801, 0, 3060, 76, 
188, 9121, 2916, 0, 3219, 82, 
187, 9068, 2914, 0, 3203, 82, 
188, 9296, 2926, 0, 3241, 82, 
183, 8771, 2837, 0, 3137, 80, 
184, 8982, 2850, 0, 3153, 80, 
180, 8846, 2943, 0, 3138, 78, 
180, 8729, 2944, 0, 3125, 78, 
186, 9308, 2892, 0, 3225, 81, 
188, 9135, 2942, 0, 3206, 82, 
188, 9168, 2917, 0, 3214, 82, 
187, 9027, 2879, 0, 3144, 80, 
184, 8874, 2846, 0, 3142, 79, 
183, 8863, 2845, 0, 3078, 80, 
178, 8492, 2961, 0, 3083, 76, 
178, 8761, 2790, 0, 4878, 76, 
200, 9192, 3007, 0, 3408, 80, 
182, 8757, 2834, 0, 3149, 79, 
183, 8755, 2840, 0, 3135, 79, 
176, 8415, 2858, 0, 3092, 76, 
176, 8623, 2775, 0, 3030, 76, 
190, 8592, 2760, 0, 3019, 76, 
176, 8944, 2786, 0, 3024, 76, 
176, 8821, 2908, 0, 3057, 76, 
176, 8756, 2755, 0, 3005, 76, 
176, 8643, 2766, 0, 3038, 76, 
238, 8716, 2802, 0, 3039, 77, 
176, 9513, 2881, 0, 3117, 91, 
176, 8967, 2907, 0, 3118, 77, 
179, 8827, 2941, 0, 3124, 77, 
180, 8849, 2787, 0, 3107, 78, 
177, 8724, 2778, 0, 3008, 76, 
176, 8708, 2755, 0, 3036, 76, 
175, 8694, 2811, 0, 3142, 76, 
176, 9181, 3024, 0, 3227, 93, 
180, 8907, 2912, 0, 3111, 78, 
179, 8847, 2940, 0, 3133, 79, 
180, 8876, 2794, 0, 3136, 78, 
180, 8971, 2842, 0, 3131, 78, 
222, 8679, 2775, 0, 3081, 76, 
176, 8656, 2822, 0, 3072, 76, 
176, 8730, 2778, 0, 3044, 76, 
180, 8669, 2813, 0, 3075, 76, 
176, 8729, 2797, 0, 3075, 76, 
219, 8628, 2800, 0, 3077, 76, 
176, 8955, 2836, 0, 3094, 77, 
177, 8670, 2811, 0, 3061, 76, 
178, 8717, 2800, 0, 3070, 76, 
176, 8649, 2835, 0, 3080, 76, 
176, 8782, 2758, 0, 3124, 76, 
177, 8615, 2877, 0, 3044, 76, 
176, 8673, 2761, 0, 3018, 76, 
176, 8627, 2834, 0, 3049, 113, 
176, 8679, 2747, 0, 3074, 76, 
176, 8660, 2840, 0, 3101, 111, 
176, 8693, 2770, 0, 3021, 76, 
176, 8606, 3025, 0, 3072, 76, 
176, 8687, 2782, 0, 3039, 76, 
176, 8644, 2854, 0, 3040, 95, 
176, 8707, 2790, 0, 3017, 76, 
176, 8650, 2822, 0, 3062, 76, 
176, 8728, 2776, 0, 3046, 76, 
177, 8682, 2780, 0, 3058, 76, 
176, 8725, 2779, 0, 3019, 76, 
178, 8815, 2825, 0, 3122, 102, 
176, 8897, 2788, 0, 3066, 76, 
176, 8624, 2893, 0, 3060, 76, 
176, 8826, 2787, 0, 3085, 76, 
176, 8617, 2887, 0, 3056, 76, 
177, 8770, 2775, 0, 3123, 76, 
198, 8653, 2857, 0, 3080, 76, 
176, 8712, 2801, 0, 3074, 76, 
175, 8611, 2872, 0, 3039, 76, 
176, 8751, 2789, 0, 3083, 76, 
176, 8666, 2889, 0, 3080, 77, 
176, 8881, 2784, 0, 3039, 76, 
176, 8697, 2916, 0, 3049, 76, 
176, 8694, 2781, 0, 3085, 76, 
176, 8615, 2872, 0, 3098, 76, 
177, 8711, 2789, 0, 3050, 76, 
176, 8635, 2866, 0, 3067, 76, 
176, 8684, 2766, 0, 3029, 76, 
176, 8596, 2892, 0, 3073, 76, 
176, 8755, 2787, 0, 3021, 76, 
176, 8622, 2872, 0, 3116, 76, 
176, 8740, 2810, 0, 3169, 76, 
176, 8939, 2762, 0, 3009, 76, 
180, 8764, 2879, 0, 3109, 78, 
180, 8756, 2799, 0, 3079, 78, 
176, 8646, 2864, 0, 3192, 76, 
176, 8710, 2798, 0, 3077, 76, 
176, 8602, 2851, 0, 3041, 76, 
176, 8666, 2788, 0, 3013, 76, 
176, 8813, 2836, 0, 3037, 76, 
176, 8705, 2785, 0, 3064, 113, 
176, 8739, 2779, 0, 3010, 76, 
176, 8781, 2827, 0, 3058, 76, 
176, 8697, 2783, 0, 3011, 76, 
176, 8729, 2809, 0, 3063, 91, 
178, 8714, 2929, 0, 3049, 90, 
177, 8633, 2783, 0, 3039, 76, 
176, 8596, 2831, 0, 3074, 76, 
176, 8678, 2780, 0, 3050, 76, 
176, 8721, 2847, 0, 3159, 76, 
176, 8782, 2773, 0, 3038, 76, 
176, 8595, 2823, 0, 3072, 76, 
176, 8708, 2853, 0, 3069, 76, 
177, 8811, 2820, 0, 3011, 77, 
176, 8604, 2861, 0, 3068, 91, 
176, 8713, 2807, 0, 3073, 76, 
176, 8646, 2843, 0, 3059, 76, 
176, 8673, 2787, 0, 3039, 76, 
176, 8719, 2780, 0, 3042, 76, 
176, 8775, 2796, 0, 3048, 76, 
176, 8688, 2906, 0, 3060, 76, 
175, 8706, 2778, 0, 3020, 76, 
178, 8906, 2914, 0, 3071, 94, 
180, 8750, 2820, 0, 3123, 80, 
180, 8759, 2827, 0, 3090, 78, 
176, 8673, 2884, 0, 3071, 76, 
176, 8664, 2788, 0, 3013, 77, 
176, 8668, 2815, 0, 3064, 76, 
184, 9503, 2936, 0, 3251, 81, 
184, 9034, 2832, 0, 3160, 78, 
188, 9022, 2940, 0, 3187, 80, 
184, 9031, 2858, 0, 3202, 79, 
184, 9034, 2849, 0, 3064, 80, 
178, 8908, 2821, 0, 3188, 77, 
177, 8735, 2851, 0, 3036, 76, 
207, 8743, 2799, 0, 3018, 76, 
176, 8698, 2826, 0, 3102, 77, 
176, 8673, 2789, 0, 3020, 76, 
180, 8789, 2796, 0, 3109, 78, 
176, 8847, 2816, 0, 3109, 76, 
178, 8630, 2891, 0, 3042, 76, 
177, 8824, 2787, 0, 3051, 76, 
176, 8673, 2806, 0, 3071, 76, 
176, 8870, 2810, 0, 3015, 76, 
235, 8660, 2808, 0, 3086, 76, 
176, 8966, 2751, 0, 3038, 76, 
177, 8605, 2813, 0, 3013, 76, 
176, 8672, 2797, 0, 3012, 76, 
178, 8799, 2986, 0, 3106, 77, 
228, 9029, 2989, 0, 3089, 77, 
176, 8853, 2809, 0, 3110, 77, 
179, 8886, 2811, 0, 3070, 77, 
179, 8675, 2864, 0, 3084, 77, 
179, 8800, 2994, 0, 3041, 77, 
176, 8611, 2892, 0, 3069, 76, 
176, 8695, 2785, 0, 3000, 76, 
176, 8587, 2908, 0, 3059, 76, 
176, 8730, 2838, 0, 3000, 76, 
176, 8650, 2848, 0, 3066, 76, 
176, 8689, 2783, 0, 3074, 76, 
176, 8690, 2856, 0, 3147, 76, 
176, 8665, 2778, 0, 3004, 76, 
176, 8617, 2891, 0, 3086, 76, 
176, 8747, 2775, 0, 3006, 76, 
176, 8620, 2888, 0, 3058, 76, 
176, 8709, 2779, 0, 3012, 76, 
176, 8638, 2812, 0, 3063, 76, 
176, 8702, 2779, 0, 3004, 76, 
244, 8680, 2788, 0, 3039, 76, 
176, 8684, 2813, 0, 3110, 76, 
176, 8704, 2798, 0, 3062, 76, 
194, 8728, 2859, 0, 3102, 77, 
175, 8950, 2776, 0, 3040, 76, 
176, 8721, 2861, 0, 3074, 76, 
227, 8649, 2786, 0, 3077, 76, 
176, 8649, 2841, 0, 3049, 76, 
176, 8712, 2773, 0, 3075, 76, 
215, 8627, 2819, 0, 3052, 76, 
176, 8711, 2794, 0, 3074, 76, 
176, 8608, 2913, 0, 3136, 76, 
176, 8713, 2772, 0, 3057, 76, 
176, 8579, 2901, 0, 3030, 76, 
176, 8773, 2803, 0, 3116, 77, 
176, 8606, 2930, 0, 3056, 76, 
176, 8690, 2772, 0, 3065, 76, 
176, 8605, 2909, 0, 3078, 76, 
176, 8715, 2763, 0, 3044, 76, 
193, 8693, 2879, 0, 3078, 76, 
176, 8724, 2778, 0, 3015, 76, 
176, 8612, 2912, 0, 3077, 76, 
176, 8733, 2782, 0, 3040, 76, 
179, 9436, 2920, 0, 3002, 77, 
176, 8762, 2808, 0, 3115, 77, 
179, 8945, 2892, 0, 3156, 79, 
180, 8658, 2838, 0, 3076, 77, 
263, 8702, 2785, 0, 3054, 77, 
176, 8680, 2803, 0, 3069, 76, 
213, 8659, 2771, 0, 3062, 76, 
176, 8602, 2818, 0, 3136, 76, 
176, 8737, 2803, 0, 3122, 76, 
176, 8605, 2863, 0, 3039, 76, 
176, 8697, 2801, 0, 3057, 76, 
176, 8604, 2868, 0, 3069, 76, 
176, 8737, 2812, 0, 3069, 76, 
176, 8594, 2875, 0, 3056, 76, 
176, 8686, 2782, 0, 3050, 76, 
176, 8619, 2856, 0, 3060, 76, 
176, 8742, 2823, 0, 3015, 93, 
176, 8650, 2826, 0, 3049, 76, 
176, 8678, 2764, 0, 3071, 76, 
190, 8667, 2774, 0, 3119, 76, 
176, 9112, 3004, 0, 3070, 122, 
176, 8667, 2843, 0, 3055, 76, 
176, 8723, 2796, 0, 3067, 76, 
176, 8656, 2848, 0, 3059, 76, 
176, 8776, 2818, 0, 2993, 76, 
176, 8603, 2895, 0, 3060, 76, 
175, 8687, 2778, 0, 3008, 76, 
176, 8667, 2779, 0, 3070, 76, 
176, 8774, 2837, 0, 3146, 76, 
176, 8693, 2770, 0, 3053, 76, 
242, 8586, 2817, 0, 3042, 76, 
176, 8735, 2783, 0, 3044, 76, 
227, 8986, 2842, 0, 3150, 77, 
176, 8730, 2782, 0, 3041, 77, 
227, 8586, 2828, 0, 3038, 76, 
176, 8688, 2777, 0, 3094, 76, 
176, 8655, 2879, 0, 3067, 76, 
176, 8704, 2782, 0, 3030, 76, 
176, 8585, 2847, 0, 3044, 76, 
176, 8743, 2779, 0, 3000, 77, 
196, 8624, 2913, 0, 3046, 76, 
176, 8650, 2776, 0, 3038, 76, 
176, 8823, 2838, 0, 3094, 76, 
176, 8745, 2787, 0, 3004, 76, 
197, 8701, 2914, 0, 3058, 100, 
176, 8697, 2778, 0, 3007, 76, 
176, 8654, 2847, 0, 3040, 76, 
176, 8670, 2773, 0, 3007, 76, 
193, 8747, 2782, 0, 3110, 76, 
176, 8613, 2906, 0, 3044, 76, 
233, 8660, 2780, 0, 3066, 76, 
179, 8925, 2785, 0, 3006, 78, 
192, 8713, 2816, 0, 3065, 76, 
177, 8814, 2787, 0, 3075, 76, 
176, 8623, 2884, 0, 3070, 76, 
176, 8676, 2775, 0, 3059, 76, 
177, 8637, 2945, 0, 3069, 76, 
176, 8767, 2780, 0, 3070, 76, 
176, 8678, 2897, 0, 3052, 76, 
176, 8700, 2776, 0, 3072, 76, 
209, 8612, 2896, 0, 3040, 76, 
176, 8695, 2787, 0, 3014, 76, 
176, 8605, 2890, 0, 3126, 76, 
177, 8842, 2879, 0, 3166, 76, 
176, 8840, 2798, 0, 3167, 77, 
176, 8715, 2910, 0, 3026, 76, 
230, 8781, 2938, 0, 3041, 76, 
176, 8692, 2918, 0, 3007, 76, 
176, 8647, 2973, 0, 3202, 76, 
176, 8798, 2921, 0, 3071, 77, 
176, 8608, 2979, 0, 3014, 76, 
176, 8898, 2817, 0, 3215, 76, 
177, 9105, 3327, 0, 3120, 121, 
223, 9311, 2933, 0, 3213, 92, 
186, 9648, 2902, 0, 3503, 81, 
184, 9095, 2850, 0, 3198, 80, 
183, 9043, 2857, 0, 3146, 79, 
181, 8664, 2835, 0, 3070, 77, 
176, 8749, 2790, 0, 3044, 76, 
193, 8620, 2851, 0, 3051, 77, 
176, 8712, 2781, 0, 3046, 76, 
176, 8625, 2872, 0, 3057, 76, 
176, 8784, 2797, 0, 3076, 77, 
176, 8629, 2892, 0, 3136, 76, 
176, 8736, 2773, 0, 3162, 77, 
175, 8651, 2813, 0, 3058, 76, 
176, 8681, 2777, 0, 3064, 76, 
179, 8700, 2873, 0, 3058, 77, 
176, 8755, 2773, 0, 3037, 76, 
176, 8611, 2886, 0, 3053, 76, 
179, 8786, 2778, 0, 3069, 76, 
176, 8622, 2845, 0, 3080, 76, 
176, 8708, 2775, 0, 3037, 76, 
177, 8823, 2839, 0, 3124, 77, 
195, 8816, 2878, 0, 3110, 94, 
176, 8705, 2787, 0, 3006, 77, 
177, 8721, 2954, 0, 3059, 77, 
176, 9048, 2768, 0, 3008, 76, 
176, 8639, 2872, 0, 3066, 76, 
176, 8764, 2773, 0, 3075, 76, 
180, 8667, 2832, 0, 3073, 76, 
179, 8885, 2789, 0, 3137, 78, 
176, 8818, 2799, 0, 2995, 77, 
176, 8804, 2858, 0, 3203, 90, 
175, 8743, 2769, 0, 3033, 76, 
176, 8622, 3019, 0, 3038, 76, 
183, 8912, 2812, 0, 3017, 78, 
183, 8950, 2945, 0, 3181, 80, 
183, 8950, 2942, 0, 3184, 79, 
176, 8704, 2778, 0, 3058, 76, 
227, 8817, 2829, 0, 3068, 76, 
176, 8686, 2777, 0, 3062, 76, 
176, 8686, 2862, 0, 3060, 76, 
176, 8881, 2884, 0, 3056, 76, 
206, 8583, 2825, 0, 3104, 76, 
176, 8678, 2801, 0, 3054, 76, 
176, 8585, 2862, 0, 3076, 76, 
176, 8798, 2772, 0, 3065, 76, 
176, 8662, 2949, 0, 3198, 76, 
176, 8768, 2780, 0, 3070, 76, 
176, 8596, 2885, 0, 3068, 76, 
176, 8791, 2770, 0, 3070, 76, 
176, 8790, 2947, 0, 3008, 76, 
176, 8668, 2783, 0, 3102, 76, 
176, 8745, 2748, 0, 3010, 76, 
176, 8655, 2775, 0, 3058, 76, 
176, 8719, 2773, 0, 3005, 76, 
199, 8707, 2786, 0, 3052, 76, 
176, 8617, 2850, 0, 3073, 77, 
176, 8666, 2774, 0, 3049, 76, 
176, 8866, 2891, 0, 3048, 76, 
176, 8685, 2781, 0, 3070, 76, 
176, 8615, 2882, 0, 3040, 76, 
176, 8682, 2770, 0, 3058, 76, 
228, 8587, 2832, 0, 3039, 76, 
176, 8759, 2796, 0, 3054, 77, 
176, 8583, 2879, 0, 3034, 76, 
176, 8744, 2782, 0, 3032, 76, 
176, 8618, 2850, 0, 3075, 76, 
176, 8762, 2770, 0, 3000, 76, 
176, 8591, 2900, 0, 3086, 76, 
176, 8716, 2743, 0, 2999, 76, 
176, 8692, 2807, 0, 3094, 91, 
176, 8988, 2772, 0, 3000, 76, 
176, 8723, 2859, 0, 3133, 93, 
176, 8865, 2779, 0, 3065, 76, 
176, 8772, 2841, 0, 3109, 96, 
176, 8683, 2786, 0, 3039, 76, 
176, 8700, 2833, 0, 3047, 76, 
176, 8781, 2790, 0, 3009, 76, 
176, 8656, 2813, 0, 3327, 76, 
176, 8670, 2782, 0, 3012, 77, 
176, 8623, 2807, 0, 3246, 76, 
176, 8743, 2777, 0, 3000, 76, 
176, 8900, 2887, 0, 3063, 76, 
193, 8733, 2862, 0, 3020, 76, 
176, 8814, 2871, 0, 3062, 76, 
176, 8744, 2771, 0, 3044, 76, 
176, 8637, 2915, 0, 3106, 76, 
176, 8805, 2807, 0, 3072, 76, 
176, 8685, 2882, 0, 3070, 76, 
176, 8717, 2781, 0, 3000, 76, 
176, 8619, 2939, 0, 3103, 76, 
176, 8714, 2774, 0, 3007, 76, 
176, 8629, 2913, 0, 3038, 76, 
176, 8705, 2782, 0, 3008, 76, 
176, 8620, 2809, 0, 3052, 76, 
176, 8674, 2789, 0, 3042, 76, 
175, 8700, 2740, 0, 3062, 76, 
205, 8583, 2832, 0, 3032, 76, 
176, 8698, 2779, 0, 3284, 76, 
176, 8603, 2861, 0, 3124, 76, 
176, 8703, 2779, 0, 3039, 76, 
176, 8602, 2825, 0, 3073, 76, 
179, 8733, 2771, 0, 3026, 77, 
176, 8675, 2913, 0, 3038, 76, 
176, 8682, 2756, 0, 3064, 77, 
176, 8604, 2842, 0, 3052, 76, 
176, 8809, 2757, 0, 3038, 76, 
176, 8655, 2838, 0, 3015, 76, 
176, 8698, 2827, 0, 3046, 76, 
176, 8617, 2825, 0, 3042, 84, 
179, 9030, 2786, 0, 3057, 77, 
176, 8633, 2922, 0, 3042, 76, 
175, 8851, 2762, 0, 3103, 76, 
176, 8646, 2799, 0, 3109, 76, 
176, 8690, 2804, 0, 3015, 76, 
176, 8684, 2758, 0, 3111, 76, 
176, 8677, 2807, 0, 3057, 76, 
176, 8879, 3016, 0, 3223, 76, 
176, 8641, 2774, 0, 3201, 76, 
176, 8587, 2811, 0, 3044, 76, 
176, 8654, 2784, 0, 3010, 77, 
176, 8581, 2893, 0, 3040, 76, 
176, 8862, 2769, 0, 3008, 77, 
176, 8848, 2818, 0, 3008, 76, 
176, 8726, 2771, 0, 3041, 76, 
178, 8666, 3089, 0, 3059, 76, 
176, 8878, 2781, 0, 3020, 76, 
176, 8628, 2877, 0, 3010, 77, 
176, 8790, 2780, 0, 3066, 76, 
176, 8620, 2884, 0, 3013, 76, 
176, 8702, 2775, 0, 3065, 76, 
216, 8692, 2850, 0, 3046, 77, 
176, 8927, 2789, 0, 3065, 76, 
216, 8796, 2810, 0, 3073, 76, 
177, 8647, 2797, 0, 3054, 76, 
176, 8641, 2874, 0, 3078, 77, 
176, 8668, 2786, 0, 3014, 76, 
176, 8584, 2853, 0, 3023, 76, 
176, 8707, 2781, 0, 3193, 76, 
176, 8598, 2816, 0, 3044, 76, 
176, 8749, 2818, 0, 3017, 76, 
176, 8660, 2774, 0, 3122, 76, 
176, 8643, 2778, 0, 3071, 76, 
176, 8619, 2774, 0, 3004, 76, 
205, 8552, 2811, 0, 3008, 76, 
176, 8619, 2777, 0, 3073, 76, 
176, 8640, 2892, 0, 3014, 76, 
176, 8747, 2789, 0, 3016, 76, 
176, 8640, 2975, 0, 3053, 76, 
176, 8735, 2785, 0, 3031, 76, 
177, 8608, 2816, 0, 3037, 76, 
176, 8748, 2794, 0, 3021, 76, 
209, 8673, 2786, 0, 3069, 76, 
176, 8623, 2806, 0, 3050, 76, 
176, 8603, 2781, 0, 3100, 76, 
176, 8600, 2830, 0, 3021, 76, 
176, 8682, 2812, 0, 3066, 76, 
176, 8623, 2856, 0, 3067, 76, 
177, 8732, 2772, 0, 3009, 76, 
177, 8598, 2897, 0, 3053, 91, 
176, 8729, 2954, 0, 3025, 76, 
180, 8774, 2892, 0, 3096, 78, 
176, 8714, 2823, 0, 3024, 76, 
177, 8826, 2747, 0, 3043, 76, 
176, 8818, 2934, 0, 3019, 76, 
175, 8653, 2821, 0, 3040, 76, 
176, 8739, 2782, 0, 3009, 76, 
176, 8660, 2767, 0, 3057, 76, 
176, 8690, 2792, 0, 3000, 76, 
176, 8648, 2827, 0, 3073, 94, 
176, 8714, 2783, 0, 3079, 76, 
176, 8589, 2906, 0, 3094, 76, 
175, 8745, 2778, 0, 3012, 76, 
176, 8586, 2860, 0, 3038, 106, 
176, 8700, 2783, 0, 3001, 76, 
176, 8629, 2855, 0, 3075, 76, 
176, 8694, 2810, 0, 3010, 76, 
176, 8856, 2870, 0, 3077, 91, 
176, 8745, 2784, 0, 2996, 76, 
176, 8610, 2873, 0, 3045, 105, 
176, 8734, 2776, 0, 3002, 76, 
176, 8656, 2830, 0, 3075, 76, 
176, 8827, 2773, 0, 3005, 76, 
176, 8618, 2819, 0, 3041, 77, 
176, 8766, 2772, 0, 3069, 76, 
239, 8607, 2836, 0, 3051, 116, 
176, 8680, 2773, 0, 2999, 76, 
176, 8616, 2777, 0, 3038, 76, 
176, 8623, 2880, 0, 3058, 76, 
176, 8680, 2776, 0, 3026, 76, 
176, 8587, 2874, 0, 3043, 75, 
176, 8706, 2750, 0, 3078, 76, 
176, 8584, 2908, 0, 3082, 76, 
176, 8648, 2773, 0, 3004, 76, 
175, 8800, 2772, 0, 3044, 95, 
176, 8673, 2769, 0, 3008, 76, 
176, 8681, 2821, 0, 3092, 76, 
176, 8712, 2804, 0, 3000, 76, 
176, 8651, 2770, 0, 3043, 76, 
225, 8590, 2812, 0, 3062, 76, 
176, 8718, 2785, 0, 3054, 76, 
176, 8600, 2916, 0, 3055, 76, 
176, 8693, 2774, 0, 3002, 76, 
176, 8581, 2875, 0, 3039, 76, 
177, 8913, 2967, 0, 3005, 79, 
176, 8862, 2877, 0, 3059, 77, 
176, 8817, 2772, 0, 3415, 76, 
183, 8959, 2961, 0, 3186, 80, 
183, 8955, 2947, 0, 3183, 79, 
180, 8877, 2808, 0, 3129, 77, 
179, 8827, 2809, 0, 3048, 78, 
175, 8638, 2854, 0, 3045, 76, 
176, 8898, 2839, 0, 3076, 77, 
176, 8707, 2837, 0, 3049, 76, 
176, 8652, 2774, 0, 3016, 76, 
175, 8683, 2853, 0, 3167, 76, 
176, 8757, 2769, 0, 3013, 76, 
176, 8653, 2814, 0, 3109, 76, 
176, 8607, 2769, 0, 3047, 76, 
205, 8655, 2768, 0, 3044, 76, 
210, 8633, 2785, 0, 3044, 76, 
176, 8646, 2778, 0, 3035, 76, 
176, 8617, 2846, 0, 3047, 76, 
176, 8774, 2792, 0, 3075, 76, 
176, 8654, 2861, 0, 3051, 76, 
176, 9281, 2785, 0, 3077, 76, 
180, 8675, 2901, 0, 3105, 76, 
176, 8617, 2827, 0, 3033, 76, 
176, 8772, 2768, 0, 3061, 76, 
178, 8709, 2815, 0, 3025, 78, 
176, 8620, 2768, 0, 3036, 76, 
176, 8774, 2745, 0, 3036, 76, 
176, 8632, 2763, 0, 3030, 77, 
176, 8852, 2812, 0, 3046, 78, 
176, 8651, 2848, 0, 3078, 142, 
177, 8749, 2817, 0, 3109, 77, 
176, 8640, 2894, 0, 3060, 76, 
177, 8747, 2795, 0, 3079, 76, 
176, 8623, 2869, 0, 3212, 76, 
176, 8725, 2772, 0, 3044, 76, 
179, 8709, 2872, 0, 3062, 77, 
176, 8759, 2775, 0, 3049, 76, 
176, 8619, 2892, 0, 3042, 76, 
176, 8739, 2778, 0, 3049, 76, 
176, 8594, 2866, 0, 3282, 76, 
177, 8956, 2795, 0, 3050, 77, 
176, 8662, 2952, 0, 3076, 76, 
176, 8699, 2774, 0, 3068, 76, 
176, 8709, 2774, 0, 2999, 76, 
176, 8702, 2804, 0, 3080, 106, 
176, 8766, 2774, 0, 3009, 76, 
192, 8701, 2746, 0, 3058, 76, 
176, 8652, 2882, 0, 3094, 76, 
176, 8724, 2779, 0, 3063, 76, 
229, 8590, 2860, 0, 3039, 76, 
176, 8765, 2769, 0, 3045, 76, 
176, 8935, 2849, 0, 3011, 76, 
176, 8707, 2779, 0, 3058, 76, 
176, 8628, 2853, 0, 3235, 76, 
176, 8713, 2783, 0, 3048, 76, 
205, 8604, 2820, 0, 3118, 76, 
176, 8675, 2798, 0, 3045, 76, 
176, 8584, 2908, 0, 3034, 76, 
178, 8726, 2818, 0, 3045, 76, 
176, 8617, 2889, 0, 3061, 76, 
176, 8995, 2774, 0, 3056, 76, 
175, 8617, 2879, 0, 3070, 76, 
176, 8705, 2775, 0, 3064, 76, 
176, 8669, 2755, 0, 3055, 76, 
176, 8678, 2795, 0, 3038, 76, 
176, 8696, 2761, 0, 3033, 76, 
176, 8613, 2856, 0, 3058, 76, 
176, 8772, 2775, 0, 3046, 76, 
176, 8643, 2838, 0, 3047, 76, 
177, 8840, 2864, 0, 3095, 78, 
176, 8837, 2847, 0, 3070, 76, 
176, 8756, 2775, 0, 3064, 76, 
206, 8692, 2844, 0, 3073, 76, 
176, 8927, 2772, 0, 3056, 76, 
176, 8612, 2845, 0, 3066, 76, 
176, 8782, 2954, 0, 3046, 76, 
176, 8595, 2877, 0, 3085, 76, 
176, 8735, 2793, 0, 3066, 76, 
199, 8617, 2922, 0, 3041, 76, 
196, 8750, 2830, 0, 3050, 76, 
176, 8895, 2809, 0, 3079, 76, 
178, 8832, 2765, 0, 3067, 76, 
176, 8654, 2776, 0, 3041, 76, 
176, 8656, 2816, 0, 3053, 76, 
176, 8689, 2771, 0, 3006, 76, 
176, 8719, 2810, 0, 3113, 76, 
193, 8700, 2772, 0, 3003, 76, 
176, 8752, 2780, 0, 3068, 76, 
176, 8685, 2773, 0, 3061, 76, 
177, 8803, 2796, 0, 3123, 76, 
175, 8874, 2771, 0, 3030, 76, 
176, 8829, 2781, 0, 3077, 76, 
176, 8895, 2771, 0, 3051, 76, 
176, 8876, 2805, 0, 3043, 76, 
176, 8602, 2807, 0, 3061, 77, 
176, 8705, 2775, 0, 3040, 76, 
176, 8585, 2883, 0, 3108, 76, 
176, 8706, 2780, 0, 3054, 76, 
176, 8588, 2905, 0, 3049, 91, 
176, 8715, 2775, 0, 3005, 76, 
176, 8617, 2828, 0, 3045, 98, 
176, 8780, 2780, 0, 3008, 76, 
176, 8634, 2854, 0, 3184, 78, 
175, 8772, 2774, 0, 3000, 76, 
176, 8613, 2850, 0, 3046, 76, 
176, 8705, 2780, 0, 3006, 76, 
176, 8678, 2887, 0, 3061, 76, 
175, 8726, 2777, 0, 3010, 76, 
176, 8703, 2789, 0, 3076, 77, 
176, 8667, 2828, 0, 3097, 76, 
176, 8716, 2778, 0, 3076, 76, 
176, 8605, 2898, 0, 3145, 76, 
176, 8712, 2775, 0, 3067, 76, 
176, 8882, 2875, 0, 3066, 93, 
176, 8721, 2777, 0, 3033, 76, 
176, 8674, 2884, 0, 3078, 76, 
176, 8711, 2740, 0, 3051, 76, 
176, 8587, 2941, 0, 3060, 76, 
176, 8765, 2772, 0, 3003, 76, 
176, 8592, 2881, 0, 3065, 76, 
176, 8736, 2742, 0, 3011, 76, 
176, 8842, 2902, 0, 3183, 76, 
180, 8991, 2893, 0, 3206, 95, 
179, 8893, 2821, 0, 3116, 78, 
179, 8831, 2833, 0, 3130, 78, 
179, 8768, 2914, 0, 3108, 78, 
176, 8765, 2798, 0, 3108, 77, 
176, 8665, 2877, 0, 3050, 76, 
176, 8680, 2781, 0, 3009, 76, 
176, 8696, 2834, 0, 3077, 76, 
176, 8721, 2787, 0, 3015, 76, 
176, 8962, 2849, 0, 3038, 77, 
176, 8671, 2769, 0, 3002, 76, 
176, 8857, 2934, 0, 3065, 91, 
176, 8800, 2776, 0, 3020, 76, 
176, 8673, 2781, 0, 3033, 77, 
176, 8723, 2771, 0, 3086, 76, 
176, 8618, 2827, 0, 3018, 76, 
180, 8621, 2822, 0, 3016, 76, 
176, 8768, 2788, 0, 2996, 76, 
176, 8588, 2815, 0, 3013, 76, 
176, 8566, 2799, 0, 3010, 76, 
176, 8697, 2811, 0, 3016, 76, 
176, 8744, 2756, 0, 3004, 76, 
176, 8620, 2845, 0, 3044, 76, 
190, 8865, 2886, 0, 3205, 76, 
176, 8976, 2795, 0, 3118, 76, 
176, 8641, 2881, 0, 3087, 76, 
176, 8743, 2781, 0, 3046, 93, 
176, 8617, 2874, 0, 3084, 76, 
176, 8751, 2776, 0, 3008, 76, 
176, 8643, 2867, 0, 3083, 76, 
176, 8684, 2799, 0, 3041, 76, 
176, 8815, 2895, 0, 3041, 76, 
176, 8732, 2788, 0, 2999, 76, 
176, 8589, 2894, 0, 3028, 76, 
176, 8734, 2786, 0, 3036, 76, 
176, 8665, 2838, 0, 3034, 76, 
175, 8771, 2796, 0, 3007, 76, 
176, 8655, 2776, 0, 3059, 76, 
176, 8882, 2783, 0, 3007, 76, 
222, 8796, 2827, 0, 3095, 77, 
178, 8694, 3014, 0, 3061, 76, 
176, 8630, 2863, 0, 3058, 76, 
176, 8700, 2774, 0, 3013, 76, 
176, 8657, 2824, 0, 3057, 76, 
176, 8769, 2821, 0, 3053, 76, 
176, 8682, 2785, 0, 3094, 76, 
176, 8682, 2790, 0, 3017, 76, 
193, 8732, 2778, 0, 3057, 76, 
176, 8638, 2833, 0, 3041, 76, 
176, 8743, 2780, 0, 3058, 76, 
250, 8821, 2799, 0, 3092, 76, 
175, 8906, 2778, 0, 3065, 76, 
176, 8601, 2893, 0, 3043, 76, 
176, 8827, 2828, 0, 3046, 110, 
176, 8605, 2864, 0, 3075, 76, 
176, 8734, 2801, 0, 3070, 76, 
176, 8692, 2826, 0, 3055, 76, 
179, 8748, 2884, 0, 3072, 95, 
210, 8718, 2819, 0, 3073, 76, 
176, 8796, 2769, 0, 3083, 76, 
176, 9010, 2775, 0, 3189, 76, 
176, 8744, 2785, 0, 3102, 76, 
176, 8679, 2740, 0, 3011, 76, 
253, 8825, 2782, 0, 3114, 76, 
176, 8692, 2806, 0, 3030, 76, 
175, 8694, 2814, 0, 3051, 76, 
205, 8606, 2834, 0, 3055, 76, 
176, 8695, 2794, 0, 3036, 76, 
176, 8665, 2893, 0, 3041, 76, 
176, 8678, 2763, 0, 3038, 76, 
176, 8621, 2856, 0, 3051, 76, 
176, 8721, 2976, 0, 3058, 77, 
176, 8643, 2864, 0, 3050, 76, 
176, 8700, 2777, 0, 3000, 76, 
176, 8581, 2887, 0, 3067, 76, 
176, 8742, 2788, 0, 3014, 76, 
176, 8706, 2840, 0, 3044, 76, 
176, 8694, 2770, 0, 3010, 76, 
190, 8633, 2778, 0, 3077, 76, 
176, 8715, 2795, 0, 3037, 76, 
176, 8636, 2834, 0, 3077, 105, 
179, 8827, 2795, 0, 3049, 77, 
176, 8592, 2888, 0, 3084, 76, 
176, 8727, 2764, 0, 3009, 76, 
176, 8590, 2909, 0, 3077, 76, 
176, 8770, 2812, 0, 3028, 77, 
176, 8653, 2865, 0, 3050, 76, 
176, 8668, 2769, 0, 3011, 76, 
176, 8686, 2845, 0, 3063, 76, 
176, 8703, 2795, 0, 3037, 76, 
176, 8667, 2767, 0, 3075, 76, 
175, 9081, 2878, 0, 3032, 91, 
232, 8644, 2800, 0, 3068, 76, 
176, 8752, 2773, 0, 3016, 76, 
176, 8692, 2831, 0, 3079, 76, 
176, 8730, 2791, 0, 3043, 76, 
190, 8630, 2773, 0, 3036, 76, 
176, 8623, 2903, 0, 3074, 76, 
176, 8767, 2772, 0, 3073, 76, 
176, 8725, 2799, 0, 3040, 76, 
176, 9051, 2775, 0, 3167, 111, 
176, 8716, 2774, 0, 3062, 76, 
210, 8799, 2862, 0, 3115, 78, 
179, 9028, 2863, 0, 3119, 78, 
176, 8716, 2777, 0, 3303, 76, 
176, 8645, 2887, 0, 3057, 76, 
175, 8711, 2779, 0, 3035, 76, 
176, 8581, 2876, 0, 3026, 76, 
176, 8822, 2804, 0, 3013, 76, 
175, 8683, 2819, 0, 3053, 76, 
176, 8713, 2766, 0, 3021, 75, 
176, 8797, 2853, 0, 3074, 105, 
175, 8683, 2784, 0, 2997, 76, 
176, 8620, 2858, 0, 3096, 76, 
176, 8693, 2780, 0, 3029, 76, 
176, 8664, 2814, 0, 3048, 76, 
176, 8725, 2766, 0, 3001, 76, 
230, 8709, 2778, 0, 3048, 76, 
176, 8588, 2871, 0, 3045, 76, 
192, 8829, 2777, 0, 3093, 76, 
176, 8686, 2778, 0, 3002, 76, 
176, 8654, 2832, 0, 3056, 76, 
176, 8981, 2776, 0, 3006, 77, 
176, 8666, 2878, 0, 3084, 76, 
176, 8732, 2769, 0, 3041, 76, 
176, 8624, 2902, 0, 3065, 76, 
176, 8658, 2774, 0, 3002, 76, 
176, 8664, 2814, 0, 3034, 76, 
175, 8634, 2792, 0, 3033, 76, 
176, 8708, 2782, 0, 3036, 76, 
176, 8663, 2793, 0, 3107, 76, 
227, 8694, 3050, 0, 3039, 91, 
176, 8930, 2766, 0, 3037, 76, 
176, 8660, 2754, 0, 3030, 78, 
176, 8632, 2756, 0, 3102, 76, 
176, 8637, 2767, 0, 3076, 76, 
176, 8598, 2828, 0, 3074, 76, 
176, 8826, 2767, 0, 3175, 76, 
187, 9006, 2827, 0, 3004, 78, 
188, 9243, 2913, 0, 3210, 84, 
183, 9102, 2857, 0, 3205, 80, 
184, 9080, 2847, 0, 3129, 79, 
183, 8968, 2877, 0, 3150, 78, 
184, 8809, 2891, 0, 3074, 78, 
176, 8894, 2848, 0, 3057, 77, 
176, 8661, 2789, 0, 3053, 76, 
176, 8678, 2783, 0, 3035, 76, 
176, 8588, 2811, 0, 3041, 77, 
176, 8688, 2785, 0, 3041, 76, 
176, 8631, 2951, 0, 3042, 93, 
176, 8873, 2801, 0, 3122, 77, 
176, 8617, 2917, 0, 3070, 76, 
176, 8929, 2780, 0, 3039, 76, 
207, 8598, 2840, 0, 3068, 76, 
177, 8804, 2959, 0, 3047, 77, 
176, 8673, 2846, 0, 3075, 76, 
176, 8661, 2775, 0, 3044, 76, 
176, 8611, 2888, 0, 3083, 77, 
176, 8738, 2778, 0, 3089, 76, 
234, 8692, 2844, 0, 3104, 76, 
176, 8616, 2786, 0, 3037, 113, 
176, 8606, 2805, 0, 3034, 76, 
176, 8880, 2772, 0, 3080, 76, 
176, 8652, 2880, 0, 3120, 76, 
175, 8771, 2775, 0, 3044, 76, 
214, 8678, 2845, 0, 3054, 77, 
176, 8669, 2779, 0, 3037, 76, 
176, 8588, 2906, 0, 3065, 76, 
176, 8670, 2774, 0, 3089, 76, 
175, 8590, 2878, 0, 3059, 76, 
176, 8666, 2768, 0, 3000, 76, 
176, 8666, 2834, 0, 3038, 76, 
176, 8703, 2774, 0, 3018, 76, 
176, 8631, 2843, 0, 3060, 76, 
176, 8673, 2807, 0, 3019, 76, 
176, 8646, 2781, 0, 3039, 109, 
176, 8585, 2850, 0, 3048, 76, 
176, 8690, 2774, 0, 3057, 76, 
178, 8708, 2786, 0, 3068, 76, 
176, 8647, 2817, 0, 3062, 76, 
176, 8651, 2870, 0, 3043, 76, 
176, 8716, 2766, 0, 3032, 76, 
176, 8585, 2875, 0, 3050, 76, 
176, 8658, 2772, 0, 3005, 76, 
207, 8647, 2825, 0, 3047, 98, 
176, 8831, 2789, 0, 3032, 76, 
176, 8649, 2857, 0, 3054, 76, 
176, 8698, 2780, 0, 3019, 76, 
176, 8669, 2837, 0, 3035, 76, 
176, 8723, 2809, 0, 3019, 76, 
176, 8644, 2799, 0, 3029, 106, 
176, 8692, 2781, 0, 3010, 76, 
190, 8638, 2767, 0, 3045, 76, 
176, 8876, 2816, 0, 3029, 76, 
176, 8792, 2791, 0, 3044, 76, 
176, 9015, 2850, 0, 3009, 76, 
176, 8683, 2750, 0, 3085, 76, 
176, 8607, 2853, 0, 3040, 77, 
176, 8740, 2752, 0, 3068, 76, 
176, 8823, 2939, 0, 3012, 95, 
196, 9304, 3106, 0, 3086, 78, 
175, 8826, 2807, 0, 3120, 77, 
180, 8860, 2875, 0, 3072, 78, 
180, 8838, 2877, 0, 3093, 77, 
176, 9183, 2783, 0, 3255, 76, 
176, 8774, 2844, 0, 3004, 76, 
176, 8649, 2826, 0, 3073, 76, 
176, 8831, 2781, 0, 3004, 76, 
176, 8657, 2778, 0, 3131, 76, 
176, 8742, 2778, 0, 3012, 76, 
209, 8651, 2781, 0, 3111, 76, 
176, 8705, 2779, 0, 3006, 76, 
176, 8631, 2772, 0, 3076, 76, 
176, 8969, 2823, 0, 3010, 76, 
176, 8625, 2812, 0, 3083, 76, 
176, 8745, 2818, 0, 3051, 76, 
176, 8711, 2779, 0, 3032, 76, 
176, 8681, 2793, 0, 3016, 76, 
175, 8670, 2774, 0, 3101, 76, 
176, 8587, 2882, 0, 3142, 76, 
176, 9180, 2848, 0, 3139, 77, 
176, 8729, 2778, 0, 3016, 76, 
176, 8643, 2838, 0, 3079, 76, 
176, 8937, 2792, 0, 3001, 76, 
178, 8638, 2867, 0, 3030, 106, 
176, 8729, 2814, 0, 2994, 76, 
176, 8675, 2856, 0, 3032, 107, 
176, 8701, 2772, 0, 3068, 76, 
176, 8807, 2806, 0, 3099, 91, 
176, 8771, 2775, 0, 3007, 76, 
176, 8635, 2786, 0, 3098, 76, 
176, 8718, 2786, 0, 2999, 77, 
205, 8636, 2765, 0, 3075, 76, 
176, 8608, 2891, 0, 3095, 76, 
176, 8734, 2778, 0, 3058, 76, 
206, 8676, 2809, 0, 3058, 76, 
176, 8731, 2798, 0, 3058, 76, 
176, 8642, 2840, 0, 3068, 76, 
175, 8711, 2767, 0, 3120, 76, 
176, 8621, 2847, 0, 3050, 76, 
178, 8704, 2930, 0, 3064, 76, 
176, 8692, 2776, 0, 3003, 76, 
176, 8599, 2844, 0, 3041, 76, 
176, 8734, 2777, 0, 3008, 76, 
176, 8789, 3085, 0, 3069, 105, 
176, 8837, 2836, 0, 3061, 76, 
176, 8603, 2881, 0, 3044, 76, 
176, 8730, 2775, 0, 3038, 76, 
176, 8657, 2951, 0, 3068, 76, 
176, 8650, 2774, 0, 3035, 76, 
176, 8666, 2901, 0, 3083, 76, 
176, 8574, 2791, 0, 3025, 76, 
208, 8562, 2804, 0, 3005, 77, 
176, 8817, 2793, 0, 3108, 76, 
175, 8649, 2831, 0, 3011, 76, 
176, 8707, 2819, 0, 3071, 76, 
176, 9032, 2869, 0, 3105, 76, 
176, 8773, 2906, 0, 3136, 77, 
179, 8872, 2821, 0, 3121, 77, 
178, 8703, 2801, 0, 3000, 76, 
176, 8669, 2826, 0, 3035, 76, 
176, 8690, 2780, 0, 2993, 76, 
213, 8637, 2797, 0, 3052, 76, 
176, 8585, 2847, 0, 3052, 76, 
179, 8829, 2843, 0, 3176, 92, 
176, 8800, 2819, 0, 2998, 76, 
176, 8671, 2820, 0, 3043, 76, 
175, 8718, 2773, 0, 3008, 76, 
176, 8705, 2927, 0, 3119, 77, 
176, 8721, 2769, 0, 3001, 76, 
205, 8636, 2758, 0, 3081, 76, 
176, 8740, 2773, 0, 3002, 76, 
205, 8653, 2830, 0, 3052, 76, 
176, 8663, 2893, 0, 3058, 76, 
190, 8653, 2791, 0, 3059, 76, 
183, 9238, 2918, 0, 3214, 81, 
183, 9075, 2836, 0, 3174, 80, 
183, 8904, 2825, 0, 3124, 80, 
183, 8910, 2846, 0, 3143, 79, 
176, 8588, 2937, 0, 3049, 76, 
176, 8691, 2856, 0, 3004, 76, 
176, 8608, 2895, 0, 3054, 76, 
176, 8766, 2813, 0, 2999, 77, 
176, 8666, 2855, 0, 3042, 92, 
176, 8653, 2778, 0, 3014, 76, 
176, 8641, 2863, 0, 3048, 77, 
176, 8690, 2801, 0, 2999, 76, 
176, 8845, 2787, 0, 3072, 76, 
176, 8617, 2895, 0, 3038, 76, 
176, 8729, 2788, 0, 3042, 76, 
176, 8636, 2843, 0, 3069, 76, 
176, 8691, 2777, 0, 3058, 76, 
176, 8591, 2817, 0, 3034, 76, 
176, 8710, 2774, 0, 3060, 76, 
195, 8605, 2809, 0, 3045, 76, 
196, 8698, 2807, 0, 3236, 77, 
176, 8606, 2850, 0, 3219, 76, 
175, 8648, 2774, 0, 3040, 76, 
222, 8647, 2829, 0, 3059, 76, 
175, 8755, 2778, 0, 3078, 76, 
176, 8748, 2742, 0, 3013, 76, 
179, 8777, 2907, 0, 3140, 78, 
179, 8885, 2806, 0, 3136, 78, 
176, 8683, 2781, 0, 2995, 76, 
176, 8728, 2979, 0, 3054, 91, 
176, 8712, 2749, 0, 3012, 76, 
176, 8821, 3267, 0, 3214, 92, 
183, 8956, 2950, 0, 3186, 80, 
183, 8956, 2953, 0, 3191, 79, 
180, 8924, 2816, 0, 3122, 78, 
179, 8861, 2811, 0, 3059, 78, 
176, 8650, 2810, 0, 3041, 76, 
176, 8649, 2775, 0, 3002, 76, 
175, 8726, 2780, 0, 3038, 76, 
176, 8869, 2990, 0, 3041, 76, 
205, 8709, 2778, 0, 3039, 76, 
176, 8586, 2792, 0, 3054, 76, 
176, 8785, 2769, 0, 3065, 76, 
176, 8702, 2826, 0, 3053, 76, 
175, 8742, 2784, 0, 3034, 76, 
176, 8748, 2777, 0, 3001, 76, 
176, 8676, 2846, 0, 3048, 76, 
176, 8721, 2774, 0, 3011, 77, 
176, 8653, 2818, 0, 3056, 76, 
179, 8792, 2850, 0, 3052, 77, 
176, 8618, 2846, 0, 3040, 76, 
177, 8675, 2799, 0, 3005, 77, 
176, 8615, 2803, 0, 3035, 76, 
176, 8701, 2783, 0, 3007, 76, 
176, 8654, 2822, 0, 3056, 75, 
192, 8785, 2791, 0, 3002, 76, 
176, 8632, 2825, 0, 3060, 76, 
176, 8657, 2780, 0, 3087, 76, 
176, 8687, 2779, 0, 3061, 76, 
197, 8910, 2824, 0, 3064, 76, 
176, 8726, 2775, 0, 3054, 76, 
176, 8602, 2797, 0, 3034, 76, 
176, 8753, 2781, 0, 3050, 76, 
176, 8587, 2854, 0, 3070, 76, 
176, 8713, 2776, 0, 3011, 76, 
176, 8703, 2784, 0, 3037, 76, 
176, 8662, 2836, 0, 3045, 76, 
176, 8664, 2775, 0, 3002, 76, 
176, 8662, 2772, 0, 3157, 76, 
176, 8838, 2801, 0, 3325, 76, 
176, 8687, 2834, 0, 3103, 76, 
176, 8724, 2780, 0, 3094, 76, 
176, 8639, 2815, 0, 3057, 76, 
176, 8653, 2774, 0, 3094, 76, 
176, 8878, 2819, 0, 3078, 76, 
176, 8725, 2770, 0, 3038, 76, 
176, 8690, 2848, 0, 3042, 77, 
176, 8737, 2775, 0, 3047, 76, 
176, 8658, 2823, 0, 3061, 106, 
176, 8953, 2777, 0, 3011, 76, 
176, 8648, 2825, 0, 3065, 76, 
176, 8725, 2780, 0, 3040, 76, 
176, 8613, 2903, 0, 3071, 76, 
175, 8805, 2769, 0, 3027, 76, 
176, 8604, 2850, 0, 3063, 76, 
176, 8695, 2767, 0, 3037, 76, 
176, 8676, 2876, 0, 3047, 76, 
176, 8768, 2770, 0, 3066, 76, 
176, 8676, 2842, 0, 3090, 76, 
175, 9042, 2773, 0, 3048, 76, 
176, 8717, 2873, 0, 3209, 76, 
177, 8764, 2792, 0, 3091, 77, 
177, 8605, 2903, 0, 3071, 76, 
228, 9210, 3170, 0, 3254, 79, 
175, 8875, 2991, 0, 3122, 76, 
176, 8716, 2820, 0, 3070, 76, 
176, 8617, 2826, 0, 3068, 76, 
176, 8719, 2787, 0, 3066, 76, 
177, 8605, 2886, 0, 3043, 76, 
191, 8904, 2813, 0, 3079, 76, 
190, 8617, 2823, 0, 3075, 76, 
177, 8710, 2775, 0, 3059, 76, 
176, 8639, 2867, 0, 3060, 76, 
176, 8684, 2785, 0, 3063, 76, 
176, 8631, 2904, 0, 3077, 76, 
176, 8740, 2774, 0, 3082, 76, 
176, 8617, 2917, 0, 3061, 76, 
176, 8714, 2779, 0, 3057, 76, 
176, 8664, 2882, 0, 3055, 76, 
177, 8753, 2804, 0, 3044, 76, 
180, 8682, 2838, 0, 3044, 76, 
176, 8691, 2790, 0, 3066, 76, 
177, 8660, 2849, 0, 3062, 76, 
176, 8739, 2809, 0, 3074, 76, 
177, 8633, 2869, 0, 3181, 76, 
177, 8718, 2819, 0, 3077, 76, 
176, 8662, 2853, 0, 3055, 76, 
176, 8764, 2779, 0, 3070, 76, 
176, 8603, 2936, 0, 3052, 76, 
176, 8703, 2841, 0, 3059, 76, 
176, 8752, 2886, 0, 3035, 76, 
176, 8718, 2772, 0, 3025, 76, 
176, 8670, 3054, 0, 3065, 93, 
176, 8761, 2798, 0, 3084, 93, 
177, 8622, 2881, 0, 3080, 76, 
176, 8941, 2853, 0, 3070, 76, 
180, 8907, 2814, 0, 3132, 78, 
180, 8824, 2872, 0, 3108, 78, 
176, 8744, 2780, 0, 3124, 76, 
176, 8596, 2882, 0, 3046, 76, 
209, 8671, 2840, 0, 3092, 77, 
175, 8756, 2779, 0, 3006, 76, 
177, 8761, 2768, 0, 3119, 77, 
176, 8660, 2899, 0, 3055, 76, 
176, 8713, 2776, 0, 3064, 76, 
