103, 5025, 1301, 411, 0, 39, 
86, 5943, 1295, 362, 0, 38, 
88, 5977, 1380, 364, 0, 39, 
88, 6042, 1320, 365, 0, 39, 
87, 5903, 1293, 360, 0, 38, 
101, 6076, 1291, 359, 0, 38, 
86, 5881, 1460, 454, 0, 38, 
92, 6737, 1382, 385, 0, 41, 
92, 6386, 1377, 384, 0, 42, 
92, 6382, 1380, 386, 0, 41, 
90, 6225, 1344, 374, 0, 40, 
90, 6223, 1347, 411, 0, 40, 
88, 6186, 1318, 367, 0, 39, 
134, 6349, 1321, 368, 0, 39, 
88, 6251, 1335, 373, 0, 40, 
92, 6397, 1391, 386, 0, 41, 
92, 6328, 1384, 385, 0, 42, 
92, 6219, 1371, 385, 0, 50, 
90, 6239, 1346, 373, 0, 40, 
90, 6239, 1363, 374, 0, 40, 
86, 6169, 1293, 357, 0, 38, 
86, 6278, 1291, 360, 0, 38, 
109, 6719, 1433, 376, 0, 41, 
88, 6146, 1336, 367, 0, 40, 
93, 6252, 1342, 419, 0, 40, 
90, 6274, 1340, 361, 0, 39, 
86, 6028, 1286, 358, 0, 38, 
86, 6018, 1282, 359, 0, 38, 
87, 6297, 1283, 425, 0, 38, 
86, 6217, 1290, 361, 0, 38, 
86, 6012, 1292, 357, 0, 38, 
86, 6028, 1290, 360, 0, 38, 
87, 6112, 1364, 362, 0, 38, 
151, 6062, 1293, 359, 0, 38, 
88, 6275, 1357, 403, 0, 38, 
88, 6227, 1317, 366, 0, 39, 
88, 6177, 1315, 362, 0, 39, 
86, 6036, 1288, 411, 0, 39, 
86, 6075, 1288, 356, 0, 38, 
86, 6090, 1295, 357, 0, 38, 
103, 6313, 1323, 378, 0, 39, 
88, 6328, 1320, 363, 0, 39, 
88, 6227, 1317, 366, 0, 39, 
88, 6169, 1353, 364, 0, 39, 
88, 6186, 1320, 366, 0, 39, 
86, 6127, 1286, 357, 0, 38, 
101, 6054, 1293, 358, 0, 39, 
86, 6022, 1346, 357, 0, 38, 
87, 6084, 1465, 387, 0, 41, 
86, 6034, 1336, 361, 0, 46, 
86, 6065, 1323, 360, 0, 38, 
86, 6057, 1335, 360, 0, 38, 
86, 6020, 1284, 360, 0, 38, 
87, 6052, 1350, 364, 0, 39, 
86, 6081, 1285, 354, 0, 38, 
86, 6026, 1332, 359, 0, 38, 
86, 6094, 1293, 355, 0, 38, 
87, 6044, 1344, 358, 0, 38, 
86, 6088, 1292, 361, 0, 38, 
86, 6017, 1328, 358, 0, 38, 
86, 6114, 1284, 357, 0, 38, 
86, 6078, 1353, 359, 0, 38, 
86, 6080, 1288, 357, 0, 38, 
86, 6019, 1342, 360, 0, 38, 
86, 6092, 1295, 357, 0, 39, 
86, 6025, 1339, 352, 0, 39, 
86, 6112, 1296, 354, 0, 38, 
86, 6022, 1292, 391, 0, 38, 
86, 6112, 1282, 355, 0, 38, 
86, 6144, 1293, 392, 0, 38, 
86, 6190, 1292, 357, 0, 38, 
87, 6027, 1293, 408, 0, 38, 
86, 6090, 1290, 357, 0, 38, 
86, 6042, 1333, 357, 0, 39, 
86, 6094, 1289, 356, 0, 38, 
86, 6051, 1340, 359, 0, 38, 
86, 6130, 1292, 358, 0, 38, 
86, 6044, 1350, 359, 0, 38, 
86, 6070, 1286, 356, 0, 38, 
87, 6034, 1347, 358, 0, 38, 
86, 6073, 1288, 389, 0, 38, 
86, 6035, 1330, 357, 0, 46, 
86, 6209, 1290, 359, 0, 39, 
86, 6017, 1354, 359, 0, 39, 
86, 6091, 1294, 356, 0, 38, 
86, 6045, 1337, 358, 0, 38, 
86, 6097, 1289, 359, 0, 38, 
87, 6038, 1321, 356, 0, 38, 
86, 6083, 1288, 357, 0, 39, 
86, 6317, 1349, 353, 0, 38, 
86, 6100, 1294, 359, 0, 38, 
86, 6035, 1347, 359, 0, 38, 
87, 6073, 1290, 424, 0, 38, 
88, 6185, 1313, 364, 0, 39, 
88, 6149, 1316, 366, 0, 39, 
86, 6099, 1293, 360, 0, 38, 
87, 6054, 1324, 358, 0, 38, 
86, 6104, 1391, 361, 0, 39, 
86, 6024, 1337, 358, 0, 38, 
86, 6336, 1290, 360, 0, 38, 
86, 6160, 1298, 359, 0, 38, 
86, 6037, 1295, 417, 0, 38, 
86, 6059, 1291, 358, 0, 38, 
86, 6025, 1294, 393, 0, 38, 
86, 6070, 1294, 361, 0, 38, 
86, 6042, 1290, 430, 0, 38, 
86, 6076, 1290, 358, 0, 38, 
121, 6025, 1289, 357, 0, 38, 
86, 6017, 1320, 357, 0, 38, 
86, 6280, 1290, 356, 0, 38, 
86, 6125, 1284, 359, 0, 38, 
86, 6049, 1292, 359, 0, 39, 
86, 6116, 1288, 358, 0, 38, 
86, 6053, 1340, 359, 0, 46, 
86, 6103, 1288, 358, 0, 38, 
86, 6038, 1296, 369, 0, 74, 
86, 6141, 1286, 357, 0, 38, 
86, 6011, 1284, 423, 0, 38, 
86, 6062, 1285, 356, 0, 38, 
86, 6034, 1293, 375, 0, 78, 
86, 6137, 1291, 359, 0, 38, 
86, 6042, 1419, 362, 0, 38, 
88, 6259, 1296, 364, 0, 38, 
88, 6195, 1311, 365, 0, 39, 
88, 6140, 1315, 370, 0, 39, 
86, 6096, 1293, 356, 0, 38, 
86, 6026, 1327, 360, 0, 38, 
86, 6047, 1287, 356, 0, 38, 
92, 6425, 1389, 396, 0, 41, 
90, 6280, 1386, 375, 0, 40, 
92, 6438, 1393, 382, 0, 41, 
90, 6352, 1337, 372, 0, 40, 
90, 6288, 1395, 372, 0, 40, 
86, 6048, 1297, 423, 0, 38, 
86, 6111, 1295, 358, 0, 39, 
86, 6029, 1288, 395, 0, 38, 
86, 6091, 1297, 360, 0, 38, 
86, 6017, 1293, 394, 0, 38, 
88, 6170, 1318, 365, 0, 39, 
87, 6052, 1288, 406, 0, 38, 
88, 6227, 1319, 369, 0, 39, 
86, 6060, 1349, 357, 0, 38, 
86, 6409, 1298, 359, 0, 38, 
86, 6000, 1294, 358, 0, 38, 
86, 6301, 1290, 378, 0, 55, 
86, 6039, 1358, 360, 0, 46, 
120, 6019, 1288, 358, 0, 38, 
86, 5981, 1293, 359, 0, 38, 
88, 6137, 1307, 359, 0, 39, 
103, 6191, 1310, 368, 0, 39, 
86, 6098, 1374, 361, 0, 38, 
88, 6139, 1314, 425, 0, 39, 
88, 6168, 1318, 364, 0, 39, 
88, 6030, 1326, 356, 0, 38, 
86, 6094, 1290, 359, 0, 38, 
86, 6078, 1345, 357, 0, 38, 
86, 6099, 1287, 351, 0, 38, 
86, 6009, 1320, 371, 0, 55, 
86, 6062, 1284, 358, 0, 38, 
86, 6045, 1318, 416, 0, 38, 
86, 6139, 1286, 358, 0, 38, 
88, 6089, 1343, 358, 0, 38, 
88, 6085, 1301, 358, 0, 39, 
86, 6027, 1358, 356, 0, 38, 
86, 6096, 1283, 355, 0, 38, 
86, 6060, 1329, 355, 0, 38, 
86, 6061, 1286, 358, 0, 38, 
86, 6027, 1317, 419, 0, 39, 
86, 6061, 1290, 358, 0, 38, 
86, 6060, 1287, 357, 0, 38, 
86, 6060, 1427, 357, 0, 38, 
86, 6156, 1290, 355, 0, 39, 
86, 6096, 1291, 356, 0, 38, 
101, 6028, 1289, 356, 0, 38, 
86, 6095, 1292, 358, 0, 38, 
86, 6057, 1293, 354, 0, 38, 
86, 6097, 1293, 356, 0, 38, 
86, 6061, 1288, 358, 0, 46, 
86, 6030, 1344, 358, 0, 39, 
86, 6107, 1299, 356, 0, 38, 
86, 6062, 1341, 355, 0, 38, 
86, 6065, 1293, 357, 0, 38, 
86, 6029, 1333, 356, 0, 38, 
86, 6092, 1287, 355, 0, 38, 
86, 6105, 1336, 360, 0, 38, 
86, 6095, 1286, 358, 0, 38, 
86, 6048, 1393, 359, 0, 38, 
86, 6063, 1299, 360, 0, 38, 
86, 6046, 1338, 357, 0, 38, 
86, 6109, 1281, 358, 0, 38, 
86, 6087, 1353, 357, 0, 38, 
86, 6348, 1345, 363, 0, 39, 
86, 6141, 1289, 358, 0, 38, 
88, 6150, 1373, 359, 0, 39, 
88, 6143, 1327, 365, 0, 39, 
86, 6221, 1315, 356, 0, 38, 
86, 6028, 1294, 355, 0, 39, 
86, 6060, 1295, 359, 0, 38, 
86, 6063, 1292, 355, 0, 38, 
86, 6044, 1351, 357, 0, 38, 
86, 6123, 1290, 358, 0, 38, 
86, 6011, 1356, 357, 0, 38, 
86, 6087, 1288, 360, 0, 38, 
86, 6012, 1356, 357, 0, 53, 
86, 6085, 1291, 356, 0, 38, 
86, 6041, 1338, 355, 0, 38, 
86, 6061, 1284, 356, 0, 38, 
86, 6041, 1320, 359, 0, 39, 
86, 6049, 1285, 357, 0, 38, 
86, 6010, 1283, 408, 0, 47, 
86, 6097, 1280, 358, 0, 38, 
86, 6041, 1300, 357, 0, 38, 
86, 6095, 1294, 356, 0, 38, 
86, 6055, 1360, 356, 0, 38, 
86, 6091, 1286, 354, 0, 38, 
86, 6073, 1328, 358, 0, 38, 
86, 6095, 1290, 357, 0, 38, 
86, 6027, 1285, 359, 0, 71, 
86, 6143, 1288, 356, 0, 38, 
117, 6063, 1289, 356, 0, 38, 
86, 6098, 1288, 359, 0, 38, 
86, 6077, 1294, 357, 0, 38, 
86, 6103, 1285, 357, 0, 38, 
86, 6081, 1287, 356, 0, 38, 
86, 6096, 1289, 357, 0, 38, 
86, 6092, 1288, 360, 0, 38, 
86, 6029, 1327, 358, 0, 38, 
86, 6059, 1294, 357, 0, 38, 
86, 6028, 1319, 359, 0, 38, 
86, 6055, 1288, 357, 0, 38, 
86, 6076, 1389, 358, 0, 38, 
86, 6109, 1286, 354, 0, 38, 
86, 6009, 1349, 360, 0, 38, 
86, 6060, 1287, 357, 0, 38, 
86, 6046, 1321, 357, 0, 38, 
86, 6093, 1287, 359, 0, 38, 
86, 6037, 1345, 358, 0, 38, 
86, 6048, 1296, 357, 0, 39, 
86, 6041, 1286, 421, 0, 38, 
86, 6077, 1293, 358, 0, 38, 
110, 6073, 1289, 358, 0, 38, 
86, 6150, 1288, 356, 0, 46, 
88, 6150, 1318, 419, 0, 39, 
86, 6077, 1296, 358, 0, 38, 
86, 6074, 1343, 357, 0, 39, 
86, 6121, 1290, 359, 0, 39, 
86, 6057, 1328, 360, 0, 38, 
86, 6083, 1291, 358, 0, 38, 
86, 6046, 1350, 358, 0, 38, 
86, 6110, 1290, 358, 0, 38, 
86, 6080, 1320, 360, 0, 38, 
86, 6116, 1314, 359, 0, 38, 
86, 6061, 1330, 360, 0, 38, 
86, 6077, 1280, 361, 0, 38, 
86, 6196, 1363, 360, 0, 38, 
86, 6091, 1428, 414, 0, 39, 
86, 6232, 1290, 359, 0, 38, 
140, 6028, 1342, 359, 0, 38, 
87, 6028, 1471, 390, 0, 38, 
86, 6029, 1449, 360, 0, 38, 
86, 6033, 1494, 360, 0, 38, 
86, 5983, 1463, 359, 0, 38, 
87, 6189, 1374, 355, 0, 38, 
86, 6054, 1351, 484, 0, 80, 
88, 6567, 1381, 368, 0, 39, 
92, 6619, 1383, 385, 0, 41, 
90, 6281, 1397, 374, 0, 40, 
90, 6284, 1342, 418, 0, 40, 
86, 6109, 1311, 367, 0, 39, 
86, 6098, 1360, 359, 0, 38, 
86, 6099, 1291, 372, 0, 38, 
86, 6124, 1314, 358, 0, 38, 
86, 6083, 1284, 360, 0, 38, 
86, 6070, 1341, 391, 0, 46, 
86, 6108, 1324, 360, 0, 38, 
86, 6028, 1350, 361, 0, 38, 
86, 6078, 1288, 355, 0, 38, 
86, 6023, 1356, 361, 0, 53, 
87, 6151, 1296, 359, 0, 38, 
87, 6086, 1344, 357, 0, 38, 
86, 6094, 1297, 358, 0, 38, 
88, 6147, 1350, 363, 0, 39, 
86, 6105, 1281, 359, 0, 38, 
86, 6026, 1342, 359, 0, 38, 
116, 6077, 1296, 359, 0, 38, 
86, 6095, 1285, 356, 0, 38, 
101, 6029, 1321, 357, 0, 38, 
86, 6091, 1288, 358, 0, 39, 
86, 6030, 1329, 359, 0, 38, 
86, 6080, 1288, 356, 0, 38, 
86, 6020, 1392, 359, 0, 38, 
86, 6132, 1286, 359, 0, 39, 
86, 6064, 1387, 363, 0, 39, 
86, 6044, 1284, 419, 0, 39, 
86, 6224, 1415, 358, 0, 53, 
86, 6047, 1320, 358, 0, 39, 
86, 6080, 1289, 358, 0, 38, 
94, 6561, 1371, 396, 0, 41, 
90, 6336, 1341, 372, 0, 40, 
90, 6327, 1333, 373, 0, 40, 
86, 6039, 1347, 355, 0, 38, 
86, 6271, 1290, 357, 0, 38, 
86, 6014, 1335, 357, 0, 38, 
86, 6062, 1286, 355, 0, 38, 
86, 6040, 1344, 356, 0, 38, 
86, 6171, 1291, 356, 0, 47, 
86, 6032, 1315, 358, 0, 38, 
86, 6060, 1298, 355, 0, 38, 
86, 6042, 1320, 356, 0, 38, 
86, 6143, 1284, 358, 0, 38, 
86, 6027, 1317, 359, 0, 39, 
140, 6029, 1289, 358, 0, 38, 
86, 6090, 1285, 358, 0, 39, 
112, 6188, 1289, 376, 0, 38, 
86, 6077, 1287, 358, 0, 38, 
86, 6059, 1292, 391, 0, 38, 
86, 6103, 1284, 357, 0, 39, 
88, 6130, 1319, 412, 0, 39, 
86, 6080, 1282, 354, 0, 39, 
86, 6027, 1292, 358, 0, 38, 
86, 6011, 1332, 357, 0, 38, 
86, 6080, 1290, 358, 0, 38, 
86, 6028, 1332, 356, 0, 38, 
86, 6109, 1289, 356, 0, 38, 
133, 6073, 1333, 357, 0, 38, 
86, 6245, 1284, 353, 0, 38, 
86, 6073, 1344, 354, 0, 39, 
86, 6075, 1287, 359, 0, 38, 
86, 6027, 1313, 359, 0, 39, 
86, 6091, 1291, 356, 0, 38, 
86, 6010, 1350, 356, 0, 38, 
86, 6066, 1288, 358, 0, 38, 
86, 6011, 1337, 356, 0, 38, 
86, 6062, 1288, 358, 0, 38, 
86, 6028, 1288, 407, 0, 38, 
86, 6339, 1317, 358, 0, 39, 
86, 6035, 1339, 359, 0, 39, 
86, 6060, 1284, 358, 0, 46, 
86, 6027, 1317, 360, 0, 38, 
86, 6061, 1298, 358, 0, 38, 
86, 6143, 1318, 358, 0, 53, 
86, 6071, 1288, 355, 0, 38, 
86, 6014, 1286, 387, 0, 73, 
86, 6062, 1291, 356, 0, 38, 
86, 6035, 1293, 428, 0, 38, 
86, 6161, 1288, 389, 0, 38, 
86, 6027, 1373, 359, 0, 38, 
86, 6078, 1286, 357, 0, 39, 
86, 6142, 1350, 354, 0, 38, 
86, 6095, 1294, 357, 0, 38, 
86, 6114, 1350, 360, 0, 38, 
86, 6074, 1288, 356, 0, 38, 
86, 6012, 1328, 357, 0, 38, 
86, 6082, 1285, 355, 0, 38, 
86, 6045, 1353, 359, 0, 38, 
86, 6107, 1295, 359, 0, 38, 
86, 6027, 1313, 353, 0, 39, 
86, 6094, 1289, 360, 0, 38, 
86, 6062, 1311, 407, 0, 38, 
86, 6062, 1294, 357, 0, 38, 
86, 6073, 1286, 359, 0, 38, 
86, 6010, 1350, 359, 0, 38, 
86, 6063, 1287, 355, 0, 38, 
86, 6028, 1320, 357, 0, 38, 
86, 6105, 1290, 357, 0, 38, 
88, 6161, 1377, 361, 0, 39, 
86, 6165, 1292, 358, 0, 38, 
86, 6013, 1337, 357, 0, 39, 
86, 6079, 1293, 356, 0, 38, 
86, 6111, 1331, 356, 0, 46, 
86, 6143, 1287, 356, 0, 38, 
86, 6055, 1395, 354, 0, 38, 
86, 6050, 1291, 357, 0, 38, 
86, 5980, 1282, 390, 0, 38, 
86, 6057, 1286, 356, 0, 39, 
86, 6013, 1291, 361, 0, 38, 
86, 6117, 1286, 358, 0, 38, 
86, 6010, 1288, 364, 0, 38, 
86, 6050, 1296, 357, 0, 38, 
86, 6062, 1305, 377, 0, 39, 
101, 6368, 1296, 389, 0, 39, 
86, 6192, 1346, 436, 0, 39, 
88, 6009, 1288, 359, 0, 38, 
86, 6028, 1352, 356, 0, 38, 
86, 6061, 1294, 358, 0, 38, 
86, 6041, 1331, 357, 0, 38, 
86, 6012, 1297, 356, 0, 38, 
86, 6010, 1340, 359, 0, 38, 
86, 6012, 1286, 375, 0, 38, 
86, 6057, 1339, 409, 0, 39, 
86, 6057, 1290, 355, 0, 38, 
86, 6107, 1322, 361, 0, 38, 
138, 6056, 1296, 360, 0, 38, 
86, 6083, 1324, 359, 0, 38, 
86, 6153, 1312, 365, 0, 39, 
86, 6039, 1316, 358, 0, 39, 
86, 6082, 1292, 359, 0, 38, 
86, 6042, 1292, 359, 0, 38, 
86, 6049, 1293, 359, 0, 38, 
86, 6043, 1396, 355, 0, 39, 
86, 6015, 1289, 357, 0, 38, 
86, 6141, 1291, 359, 0, 46, 
86, 6026, 1295, 361, 0, 38, 
86, 6027, 1302, 432, 0, 38, 
86, 6092, 1293, 359, 0, 38, 
86, 6060, 1285, 365, 0, 38, 
86, 6015, 1295, 358, 0, 38, 
86, 6154, 1289, 359, 0, 38, 
86, 5982, 1321, 359, 0, 38, 
86, 6086, 1285, 359, 0, 38, 
86, 6027, 1287, 360, 0, 71, 
86, 6095, 1295, 360, 0, 38, 
86, 6058, 1343, 359, 0, 38, 
86, 6014, 1293, 357, 0, 38, 
86, 6044, 1294, 393, 0, 38, 
86, 6108, 1287, 359, 0, 38, 
163, 6025, 1291, 356, 0, 38, 
86, 6336, 1289, 357, 0, 38, 
86, 6012, 1296, 359, 0, 38, 
86, 6037, 1327, 358, 0, 39, 
86, 6071, 1292, 358, 0, 38, 
86, 6083, 1331, 359, 0, 38, 
86, 6060, 1288, 357, 0, 38, 
86, 6044, 1343, 356, 0, 38, 
86, 6092, 1286, 381, 0, 38, 
86, 6036, 1323, 358, 0, 38, 
86, 6028, 1290, 357, 0, 38, 
86, 6030, 1284, 393, 0, 38, 
86, 6166, 1287, 355, 0, 38, 
86, 6063, 1285, 390, 0, 38, 
86, 6089, 1290, 357, 0, 38, 
86, 6028, 1362, 358, 0, 38, 
86, 6113, 1283, 355, 0, 38, 
86, 6011, 1318, 385, 0, 68, 
86, 6071, 1289, 355, 0, 38, 
86, 6036, 1337, 359, 0, 38, 
86, 6060, 1288, 358, 0, 38, 
86, 6059, 1321, 358, 0, 38, 
86, 6060, 1288, 357, 0, 38, 
86, 6072, 1340, 358, 0, 38, 
86, 6062, 1292, 356, 0, 38, 
86, 6057, 1397, 358, 0, 38, 
86, 6110, 1291, 358, 0, 38, 
86, 6030, 1291, 359, 0, 102, 
86, 6105, 1286, 356, 0, 38, 
86, 6063, 1310, 356, 0, 69, 
86, 6063, 1294, 354, 0, 38, 
90, 6184, 1292, 423, 0, 38, 
86, 6131, 1298, 357, 0, 38, 
86, 6009, 1291, 438, 0, 38, 
86, 6076, 1296, 355, 0, 38, 
136, 6040, 1285, 354, 0, 38, 
86, 6031, 1338, 355, 0, 38, 
86, 6046, 1282, 356, 0, 38, 
86, 6108, 1326, 357, 0, 38, 
101, 6081, 1285, 358, 0, 38, 
86, 6033, 1321, 358, 0, 38, 
86, 6049, 1294, 356, 0, 38, 
86, 6145, 1417, 388, 0, 38, 
88, 6156, 1286, 356, 0, 38, 
86, 6028, 1288, 407, 0, 39, 
86, 6096, 1291, 358, 0, 38, 
86, 6077, 1289, 357, 0, 38, 
86, 6053, 1343, 352, 0, 38, 
86, 6116, 1307, 376, 0, 39, 
86, 6010, 1325, 356, 0, 47, 
86, 6076, 1289, 358, 0, 38, 
86, 6045, 1300, 407, 0, 38, 
86, 6078, 1289, 357, 0, 38, 
86, 6013, 1347, 360, 0, 39, 
92, 6363, 1373, 379, 0, 41, 
90, 6336, 1338, 372, 0, 40, 
88, 6145, 1375, 363, 0, 39, 
88, 6130, 1314, 400, 0, 39, 
88, 6161, 1286, 354, 0, 38, 
86, 6027, 1286, 405, 0, 38, 
86, 6077, 1288, 358, 0, 38, 
86, 6010, 1314, 359, 0, 39, 
86, 6105, 1291, 354, 0, 38, 
86, 6027, 1338, 356, 0, 38, 
86, 6090, 1285, 357, 0, 38, 
86, 6010, 1288, 390, 0, 38, 
86, 6078, 1292, 356, 0, 38, 
86, 6076, 1287, 359, 0, 38, 
86, 6012, 1321, 357, 0, 38, 
86, 6045, 1313, 357, 0, 38, 
86, 6040, 1289, 358, 0, 38, 
86, 6107, 1281, 358, 0, 38, 
86, 6049, 1298, 356, 0, 38, 
86, 6149, 1286, 357, 0, 38, 
86, 6537, 1351, 356, 0, 38, 
86, 6115, 1284, 361, 0, 38, 
154, 6158, 1294, 359, 0, 38, 
86, 5982, 1287, 359, 0, 38, 
100, 6136, 1293, 401, 0, 39, 
86, 6050, 1287, 358, 0, 38, 
86, 6115, 1288, 360, 0, 38, 
86, 6151, 1283, 358, 0, 47, 
86, 6037, 1329, 359, 0, 39, 
86, 6099, 1297, 355, 0, 38, 
86, 6048, 1340, 357, 0, 38, 
86, 6197, 1281, 357, 0, 38, 
88, 6071, 1327, 359, 0, 39, 
86, 6177, 1309, 360, 0, 39, 
86, 6051, 1362, 358, 0, 38, 
86, 6128, 1282, 360, 0, 38, 
86, 6011, 1358, 359, 0, 39, 
86, 6068, 1282, 355, 0, 38, 
86, 6059, 1350, 357, 0, 38, 
86, 6050, 1284, 359, 0, 38, 
88, 6089, 1314, 357, 0, 39, 
86, 6028, 1288, 408, 0, 38, 
86, 6119, 1288, 356, 0, 38, 
86, 6088, 1290, 441, 0, 38, 
86, 6099, 1322, 363, 0, 39, 
124, 6041, 1285, 360, 0, 39, 
86, 6086, 1292, 358, 0, 38, 
86, 6085, 1286, 359, 0, 38, 
86, 6045, 1290, 354, 0, 38, 
111, 6057, 1279, 359, 0, 38, 
86, 6060, 1281, 356, 0, 38, 
126, 6028, 1293, 359, 0, 38, 
86, 6062, 1306, 357, 0, 38, 
86, 6080, 1282, 358, 0, 38, 
86, 6042, 1320, 356, 0, 38, 
86, 6142, 1290, 357, 0, 38, 
86, 6041, 1321, 357, 0, 38, 
86, 6072, 1286, 357, 0, 38, 
86, 6010, 1340, 360, 0, 38, 
86, 6061, 1282, 358, 0, 47, 
86, 6011, 1345, 357, 0, 38, 
86, 6073, 1295, 358, 0, 38, 
86, 6032, 1291, 358, 0, 38, 
86, 6034, 1317, 358, 0, 38, 
86, 6144, 1304, 356, 0, 38, 
88, 6137, 1342, 358, 0, 38, 
86, 6142, 1320, 357, 0, 39, 
86, 6020, 1318, 359, 0, 38, 
86, 6110, 1281, 357, 0, 38, 
86, 6082, 1341, 357, 0, 38, 
90, 6110, 1284, 359, 0, 38, 
86, 6037, 1376, 355, 0, 38, 
86, 6093, 1285, 359, 0, 38, 
86, 6036, 1360, 358, 0, 38, 
148, 6057, 1288, 356, 0, 38, 
86, 6071, 1303, 359, 0, 38, 
86, 6143, 1294, 358, 0, 38, 
86, 6027, 1338, 428, 0, 55, 
86, 6125, 1290, 359, 0, 38, 
86, 6188, 1286, 357, 0, 38, 
86, 6013, 1366, 372, 0, 74, 
86, 6098, 1294, 357, 0, 38, 
86, 6041, 1290, 422, 0, 39, 
86, 6077, 1287, 360, 0, 38, 
86, 6310, 1350, 398, 0, 39, 
86, 6090, 1324, 359, 0, 39, 
86, 6029, 1290, 358, 0, 39, 
86, 6061, 1287, 357, 0, 38, 
109, 6026, 1285, 357, 0, 38, 
86, 6112, 1290, 358, 0, 38, 
86, 6081, 1285, 357, 0, 38, 
86, 6098, 1318, 356, 0, 46, 
86, 6061, 1293, 356, 0, 38, 
86, 6028, 1339, 358, 0, 38, 
86, 6063, 1293, 358, 0, 38, 
86, 6041, 1318, 356, 0, 39, 
86, 6061, 1291, 354, 0, 38, 
86, 6029, 1347, 355, 0, 38, 
86, 6063, 1288, 358, 0, 38, 
86, 6011, 1384, 358, 0, 38, 
86, 6093, 1287, 355, 0, 38, 
86, 6036, 1329, 356, 0, 38, 
86, 6084, 1288, 357, 0, 38, 
86, 6095, 1337, 362, 0, 53, 
86, 6074, 1288, 357, 0, 38, 
86, 6028, 1286, 387, 0, 38, 
86, 6066, 1284, 356, 0, 38, 
86, 6084, 1286, 357, 0, 38, 
86, 6032, 1327, 357, 0, 39, 
146, 6055, 1290, 371, 0, 55, 
86, 6009, 1342, 357, 0, 38, 
86, 6062, 1288, 356, 0, 39, 
86, 6028, 1339, 359, 0, 38, 
86, 6081, 1290, 358, 0, 38, 
86, 6010, 1365, 357, 0, 38, 
86, 6125, 1291, 357, 0, 38, 
86, 6041, 1339, 357, 0, 38, 
86, 6082, 1290, 357, 0, 38, 
88, 6496, 1426, 355, 0, 38, 
86, 6077, 1289, 358, 0, 38, 
88, 6100, 1314, 364, 0, 39, 
88, 6156, 1405, 366, 0, 39, 
88, 6199, 1316, 363, 0, 39, 
88, 6198, 1316, 366, 0, 47, 
86, 6010, 1450, 357, 0, 38, 
86, 6081, 1297, 360, 0, 38, 
86, 6141, 1338, 358, 0, 38, 
86, 6076, 1292, 359, 0, 38, 
103, 6044, 1290, 417, 0, 38, 
86, 6111, 1288, 355, 0, 38, 
86, 6017, 1285, 410, 0, 38, 
86, 6092, 1420, 359, 0, 39, 
101, 6072, 1330, 357, 0, 38, 
86, 6102, 1289, 359, 0, 38, 
86, 6040, 1286, 396, 0, 38, 
86, 6021, 1292, 358, 0, 38, 
86, 6053, 1293, 355, 0, 38, 
86, 6139, 1357, 360, 0, 38, 
86, 6048, 1284, 358, 0, 38, 
86, 5979, 1292, 386, 0, 38, 
86, 6065, 1318, 357, 0, 39, 
86, 6075, 1354, 355, 0, 38, 
86, 6083, 1286, 353, 0, 38, 
86, 6627, 1401, 360, 0, 39, 
86, 6248, 1372, 390, 0, 38, 
86, 6127, 1281, 357, 0, 38, 
86, 6058, 1346, 356, 0, 38, 
86, 6061, 1291, 356, 0, 38, 
86, 6044, 1352, 353, 0, 39, 
86, 6115, 1289, 356, 0, 38, 
86, 6028, 1316, 357, 0, 38, 
86, 6077, 1324, 358, 0, 38, 
86, 6010, 1322, 357, 0, 38, 
86, 6150, 1282, 355, 0, 38, 
86, 6032, 1318, 355, 0, 38, 
86, 6044, 1286, 356, 0, 46, 
88, 6101, 1286, 409, 0, 38, 
86, 6081, 1298, 357, 0, 39, 
86, 6111, 1291, 410, 0, 38, 
86, 6217, 1291, 357, 0, 38, 
86, 6076, 1364, 360, 0, 38, 
86, 6078, 1288, 354, 0, 38, 
86, 6117, 1341, 358, 0, 39, 
86, 6054, 1290, 356, 0, 39, 
86, 6011, 1294, 407, 0, 38, 
86, 6066, 1285, 355, 0, 38, 
86, 6092, 1289, 408, 0, 38, 
86, 6060, 1287, 358, 0, 38, 
86, 6079, 1292, 356, 0, 38, 
86, 6049, 1332, 357, 0, 38, 
86, 6319, 1289, 358, 0, 39, 
86, 6053, 1328, 354, 0, 38, 
86, 6341, 1300, 358, 0, 38, 
86, 6015, 1358, 357, 0, 38, 
113, 6065, 1289, 358, 0, 38, 
86, 6044, 1371, 356, 0, 38, 
86, 6061, 1286, 358, 0, 38, 
86, 6049, 1339, 358, 0, 38, 
88, 6096, 1289, 360, 0, 38, 
86, 6063, 1349, 356, 0, 38, 
88, 6112, 1287, 357, 0, 38, 
86, 6113, 1287, 359, 0, 38, 
86, 6114, 1285, 395, 0, 38, 
86, 6074, 1292, 358, 0, 38, 
86, 6026, 1292, 395, 0, 38, 
86, 6065, 1289, 357, 0, 38, 
86, 6063, 1285, 358, 0, 38, 
86, 6027, 1319, 357, 0, 46, 
86, 6073, 1287, 354, 0, 38, 
86, 6029, 1383, 358, 0, 38, 
86, 6080, 1293, 359, 0, 38, 
86, 6010, 1326, 358, 0, 38, 
86, 6081, 1292, 358, 0, 39, 
86, 6017, 1342, 357, 0, 38, 
86, 6082, 1292, 355, 0, 38, 
86, 6105, 1321, 354, 0, 38, 
86, 6096, 1285, 356, 0, 39, 
86, 6028, 1288, 411, 0, 38, 
86, 6101, 1282, 362, 0, 38, 
86, 6042, 1290, 421, 0, 55, 
86, 6106, 1291, 357, 0, 38, 
88, 6132, 1353, 366, 0, 39, 
86, 6081, 1295, 358, 0, 38, 
86, 6138, 1343, 356, 0, 38, 
86, 6098, 1295, 358, 0, 38, 
86, 6018, 1337, 356, 0, 39, 
86, 6115, 1289, 359, 0, 39, 
86, 6010, 1320, 357, 0, 39, 
86, 6063, 1293, 355, 0, 38, 
86, 6029, 1290, 455, 0, 38, 
86, 6070, 1290, 358, 0, 38, 
120, 6028, 1293, 355, 0, 38, 
86, 6140, 1293, 358, 0, 38, 
86, 6343, 1341, 359, 0, 53, 
86, 6083, 1290, 357, 0, 38, 
86, 6102, 1289, 389, 0, 38, 
86, 6105, 1284, 356, 0, 38, 
129, 6015, 1285, 356, 0, 38, 
86, 6296, 1288, 359, 0, 38, 
86, 6040, 1287, 432, 0, 46, 
86, 6098, 1315, 355, 0, 38, 
86, 6026, 1346, 358, 0, 38, 
88, 6194, 1312, 364, 0, 39, 
88, 6199, 1310, 364, 0, 39, 
86, 6013, 1334, 354, 0, 53, 
86, 6070, 1288, 358, 0, 38, 
86, 6179, 1321, 358, 0, 38, 
86, 6061, 1292, 359, 0, 38, 
86, 6015, 1329, 354, 0, 38, 
86, 6067, 1282, 356, 0, 39, 
86, 6029, 1340, 353, 0, 38, 
86, 6060, 1293, 358, 0, 38, 
86, 6117, 1326, 360, 0, 38, 
86, 6111, 1286, 355, 0, 38, 
86, 6035, 1324, 356, 0, 39, 
86, 6140, 1314, 358, 0, 38, 
86, 6027, 1297, 421, 0, 38, 
86, 6064, 1286, 358, 0, 38, 
137, 6058, 1307, 358, 0, 38, 
86, 6119, 1328, 357, 0, 38, 
86, 6010, 1332, 411, 0, 38, 
86, 6089, 1288, 358, 0, 38, 
86, 6032, 1347, 358, 0, 39, 
86, 6104, 1284, 356, 0, 38, 
86, 6073, 1350, 372, 0, 39, 
86, 6088, 1292, 357, 0, 38, 
86, 6048, 1341, 355, 0, 38, 
86, 6060, 1287, 357, 0, 38, 
86, 6040, 1290, 355, 0, 38, 
86, 6013, 1367, 354, 0, 38, 
86, 6083, 1286, 356, 0, 38, 
86, 6143, 1289, 355, 0, 46, 
86, 6045, 1354, 391, 0, 38, 
86, 6128, 1302, 355, 0, 38, 
86, 6042, 1295, 377, 0, 38, 
86, 6012, 1287, 358, 0, 38, 
86, 6012, 1290, 359, 0, 38, 
86, 6030, 1363, 355, 0, 38, 
159, 6498, 1371, 380, 0, 44, 
86, 6506, 1442, 384, 0, 42, 
90, 6378, 1343, 446, 0, 40, 
139, 6282, 1337, 428, 0, 39, 
90, 6326, 1346, 374, 0, 40, 
90, 6267, 1336, 374, 0, 40, 
87, 6126, 1317, 388, 0, 38, 
87, 6017, 1287, 376, 0, 55, 
86, 6010, 1321, 360, 0, 38, 
86, 6045, 1290, 356, 0, 38, 
86, 6042, 1335, 357, 0, 39, 
86, 6083, 1316, 358, 0, 38, 
86, 6042, 1363, 354, 0, 39, 
86, 6274, 1287, 356, 0, 38, 
86, 6050, 1347, 356, 0, 38, 
86, 6358, 1285, 359, 0, 38, 
86, 6018, 1324, 358, 0, 38, 
86, 6103, 1290, 358, 0, 38, 
86, 6010, 1321, 360, 0, 38, 
88, 6106, 1291, 356, 0, 38, 
86, 6036, 1349, 356, 0, 38, 
86, 6160, 1290, 357, 0, 38, 
88, 6170, 1292, 357, 0, 38, 
86, 6014, 1292, 358, 0, 38, 
86, 6011, 1353, 357, 0, 38, 
86, 6084, 1281, 357, 0, 46, 
86, 6039, 1336, 356, 0, 38, 
86, 6085, 1295, 357, 0, 38, 
86, 6042, 1344, 358, 0, 38, 
86, 6063, 1285, 358, 0, 38, 
86, 6060, 1348, 358, 0, 38, 
86, 6068, 1319, 357, 0, 38, 
86, 6011, 1336, 358, 0, 38, 
86, 6255, 1298, 359, 0, 38, 
86, 6016, 1293, 407, 0, 38, 
86, 6137, 1292, 359, 0, 38, 
86, 6029, 1286, 389, 0, 38, 
86, 6046, 1287, 359, 0, 38, 
120, 6041, 1285, 358, 0, 38, 
86, 6028, 1338, 357, 0, 38, 
90, 6160, 1314, 364, 0, 39, 
86, 6042, 1328, 359, 0, 38, 
86, 6145, 1297, 357, 0, 38, 
86, 6028, 1351, 356, 0, 38, 
86, 6107, 1286, 358, 0, 38, 
137, 6134, 1313, 359, 0, 39, 
86, 6079, 1291, 358, 0, 38, 
86, 6322, 1344, 362, 0, 38, 
86, 6061, 1288, 358, 0, 38, 
86, 6016, 1319, 358, 0, 38, 
86, 6107, 1284, 356, 0, 38, 
86, 6032, 1291, 371, 0, 77, 
86, 6062, 1289, 355, 0, 38, 
86, 6041, 1461, 397, 0, 39, 
86, 6141, 1291, 359, 0, 38, 
108, 6102, 1289, 356, 0, 38, 
86, 6069, 1291, 357, 0, 38, 
88, 6106, 1287, 360, 0, 46, 
86, 6079, 1291, 360, 0, 38, 
111, 6121, 1293, 359, 0, 38, 
86, 6190, 1283, 359, 0, 38, 
90, 6148, 1283, 418, 0, 39, 
86, 6147, 1439, 437, 0, 54, 
86, 6047, 1368, 358, 0, 38, 
88, 6163, 1312, 410, 0, 39, 
88, 6185, 1314, 365, 0, 39, 
86, 6028, 1336, 499, 0, 38, 
86, 6018, 1290, 414, 0, 38, 
86, 6059, 1289, 355, 0, 38, 
86, 6042, 1286, 394, 0, 38, 
86, 6049, 1278, 360, 0, 38, 
86, 6061, 1287, 407, 0, 38, 
86, 6119, 1297, 357, 0, 38, 
86, 6268, 1288, 397, 0, 38, 
86, 6077, 1298, 358, 0, 38, 
86, 6032, 1291, 357, 0, 38, 
86, 6080, 1290, 358, 0, 38, 
86, 6010, 1288, 357, 0, 38, 
86, 6075, 1288, 358, 0, 38, 
86, 6033, 1294, 389, 0, 38, 
86, 6105, 1289, 356, 0, 39, 
109, 6072, 1316, 360, 0, 38, 
86, 6162, 1289, 359, 0, 38, 
86, 6112, 1362, 354, 0, 39, 
86, 6082, 1288, 357, 0, 38, 
86, 6016, 1288, 409, 0, 38, 
86, 6062, 1285, 389, 0, 39, 
86, 6032, 1336, 357, 0, 38, 
86, 6116, 1286, 357, 0, 38, 
86, 6011, 1290, 392, 0, 46, 
86, 6077, 1291, 357, 0, 38, 
86, 6045, 1300, 425, 0, 38, 
86, 6061, 1281, 359, 0, 39, 
86, 6265, 1291, 399, 0, 38, 
86, 6055, 1291, 360, 0, 39, 
136, 6014, 1290, 357, 0, 38, 
86, 6074, 1288, 354, 0, 38, 
86, 6068, 1291, 360, 0, 38, 
86, 6029, 1467, 441, 0, 39, 
86, 6095, 1291, 357, 0, 38, 
86, 6083, 1324, 356, 0, 38, 
86, 6138, 1321, 360, 0, 38, 
86, 6084, 1346, 359, 0, 39, 
86, 6030, 1355, 357, 0, 38, 
86, 6051, 1292, 355, 0, 38, 
86, 6031, 1308, 359, 0, 68, 
86, 6079, 1297, 387, 0, 39, 
88, 6073, 1344, 354, 0, 38, 
86, 6096, 1287, 355, 0, 38, 
86, 6012, 1340, 358, 0, 38, 
88, 6178, 1285, 357, 0, 38, 
86, 6035, 1331, 356, 0, 38, 
86, 6307, 1322, 357, 0, 38, 
86, 6240, 1322, 359, 0, 38, 
86, 6013, 1290, 359, 0, 38, 
86, 6191, 1338, 354, 0, 38, 
86, 6121, 1284, 358, 0, 39, 
86, 6012, 1338, 358, 0, 38, 
86, 6287, 1318, 438, 0, 39, 
86, 6096, 1293, 358, 0, 38, 
88, 6195, 1315, 362, 0, 39, 
88, 6138, 1313, 361, 0, 48, 
86, 6213, 1289, 353, 0, 38, 
86, 6027, 1295, 412, 0, 38, 
86, 6096, 1289, 357, 0, 38, 
86, 6062, 1288, 356, 0, 38, 
88, 6199, 1311, 365, 0, 39, 
86, 6108, 1341, 357, 0, 38, 
86, 6107, 1292, 355, 0, 39, 
86, 6041, 1320, 420, 0, 38, 
86, 6075, 1290, 357, 0, 38, 
86, 6063, 1294, 391, 0, 38, 
86, 6110, 1281, 356, 0, 38, 
86, 6014, 1290, 433, 0, 38, 
86, 6083, 1283, 359, 0, 38, 
150, 6045, 1289, 358, 0, 38, 
86, 6165, 1295, 358, 0, 39, 
105, 6478, 1396, 375, 0, 41, 
90, 6284, 1408, 375, 0, 40, 
90, 6223, 1387, 371, 0, 40, 
90, 6223, 1341, 372, 0, 40, 
90, 6166, 1287, 356, 0, 38, 
86, 6028, 1324, 354, 0, 38, 
86, 6093, 1289, 358, 0, 38, 
86, 6016, 1337, 357, 0, 38, 
86, 6081, 1289, 359, 0, 39, 
86, 6011, 1329, 356, 0, 38, 
88, 6179, 1284, 359, 0, 38, 
86, 6057, 1283, 392, 0, 38, 
86, 6063, 1291, 359, 0, 38, 
127, 6029, 1287, 359, 0, 38, 
86, 6063, 1336, 354, 0, 38, 
86, 6075, 1295, 353, 0, 38, 
88, 6080, 1347, 358, 0, 46, 
86, 6046, 1290, 357, 0, 38, 
86, 6029, 1345, 356, 0, 38, 
86, 6045, 1288, 358, 0, 38, 
88, 6067, 1385, 356, 0, 38, 
86, 6076, 1288, 356, 0, 38, 
88, 6068, 1319, 356, 0, 38, 
88, 6137, 1287, 358, 0, 38, 
86, 6034, 1377, 354, 0, 38, 
90, 6647, 1373, 360, 0, 39, 
86, 6179, 1311, 364, 0, 39, 
88, 6164, 1366, 365, 0, 39, 
88, 6110, 1289, 428, 0, 38, 
86, 6065, 1284, 356, 0, 38, 
86, 6107, 1311, 356, 0, 67, 
86, 6079, 1287, 357, 0, 39, 
92, 6325, 1345, 374, 0, 40, 
90, 6337, 1346, 370, 0, 40, 
88, 6139, 1352, 365, 0, 39, 
88, 6099, 1311, 367, 0, 39, 
86, 6047, 1288, 356, 0, 38, 
86, 6010, 1295, 392, 0, 38, 
86, 6118, 1290, 357, 0, 38, 
152, 6046, 1288, 356, 0, 38, 
86, 6065, 1286, 357, 0, 38, 
111, 6038, 1286, 359, 0, 38, 
86, 6032, 1336, 358, 0, 38, 
86, 6140, 1284, 355, 0, 38, 
86, 6010, 1336, 357, 0, 38, 
88, 6292, 1375, 359, 0, 38, 
86, 6117, 1285, 358, 0, 38, 
86, 6048, 1283, 373, 0, 87, 
86, 6127, 1288, 356, 0, 47, 
86, 6065, 1429, 385, 0, 39, 
88, 6072, 1298, 357, 0, 38, 
86, 6011, 1316, 357, 0, 38, 
88, 6083, 1286, 354, 0, 38, 
86, 6043, 1280, 469, 0, 39, 
86, 6056, 1288, 356, 0, 38, 
86, 6041, 1284, 381, 0, 38, 
86, 6068, 1292, 359, 0, 38, 
86, 6041, 1289, 355, 0, 39, 
86, 6099, 1284, 357, 0, 38, 
86, 6130, 1286, 361, 0, 38, 
86, 6092, 1292, 359, 0, 38, 
86, 6042, 1294, 358, 0, 38, 
86, 6028, 1343, 359, 0, 38, 
86, 6075, 1293, 357, 0, 38, 
86, 6011, 1318, 358, 0, 38, 
86, 6017, 1332, 358, 0, 38, 
86, 6215, 1291, 357, 0, 38, 
86, 6018, 1287, 393, 0, 39, 
86, 6112, 1296, 357, 0, 38, 
119, 6046, 1284, 357, 0, 38, 
88, 6227, 1287, 357, 0, 38, 
86, 6037, 1290, 397, 0, 38, 
86, 6056, 1291, 358, 0, 38, 
86, 6011, 1286, 390, 0, 38, 
86, 6043, 1292, 359, 0, 38, 
86, 6033, 1285, 418, 0, 38, 
86, 6100, 1289, 359, 0, 38, 
86, 6039, 1292, 405, 0, 57, 
87, 6083, 1288, 358, 0, 38, 
86, 6038, 1319, 357, 0, 53, 
86, 6103, 1291, 356, 0, 46, 
86, 6091, 1288, 408, 0, 38, 
86, 6231, 1296, 358, 0, 38, 
86, 6013, 1356, 356, 0, 38, 
86, 6093, 1285, 359, 0, 38, 
86, 6239, 1344, 357, 0, 38, 
86, 6082, 1286, 357, 0, 38, 
86, 5980, 1418, 359, 0, 38, 
86, 6093, 1290, 353, 0, 38, 
101, 6018, 1360, 358, 0, 39, 
86, 6262, 1291, 357, 0, 38, 
86, 6060, 1288, 356, 0, 38, 
86, 6100, 1289, 362, 0, 38, 
86, 6069, 1500, 422, 0, 56, 
88, 6488, 1354, 357, 0, 38, 
86, 6082, 1310, 357, 0, 38, 
120, 6036, 1286, 357, 0, 38, 
86, 6038, 1341, 360, 0, 38, 
86, 6111, 1292, 358, 0, 38, 
86, 6095, 1340, 359, 0, 38, 
86, 6097, 1289, 358, 0, 38, 
86, 6030, 1348, 357, 0, 38, 
87, 6123, 1297, 358, 0, 38, 
86, 6011, 1338, 356, 0, 39, 
86, 6082, 1297, 358, 0, 38, 
86, 6076, 1340, 357, 0, 39, 
86, 6133, 1294, 358, 0, 38, 
86, 6022, 1324, 355, 0, 39, 
86, 6074, 1296, 360, 0, 38, 
86, 6044, 1338, 356, 0, 38, 
86, 6136, 1421, 359, 0, 39, 
86, 6050, 1368, 360, 0, 38, 
86, 6140, 1286, 358, 0, 46, 
86, 6028, 1340, 358, 0, 38, 
87, 6096, 1302, 358, 0, 38, 
86, 6036, 1324, 356, 0, 39, 
86, 6096, 1279, 357, 0, 39, 
86, 6044, 1332, 357, 0, 38, 
86, 6102, 1293, 358, 0, 38, 
86, 6020, 1339, 360, 0, 38, 
86, 6065, 1294, 356, 0, 38, 
86, 6060, 1346, 357, 0, 39, 
86, 6087, 1287, 357, 0, 38, 
86, 6047, 1338, 356, 0, 38, 
86, 6127, 1288, 356, 0, 38, 
86, 6137, 1283, 360, 0, 39, 
88, 6173, 1374, 364, 0, 39, 
88, 6183, 1318, 366, 0, 39, 
86, 6083, 1295, 359, 0, 38, 
120, 6026, 1301, 357, 0, 38, 
86, 6153, 1316, 367, 0, 39, 
86, 6043, 1294, 415, 0, 38, 
86, 6061, 1288, 358, 0, 38, 
137, 6039, 1291, 353, 0, 39, 
86, 6094, 1297, 358, 0, 38, 
