93, 9344, 1522, 0, 3067, 38, 
89, 8387, 1535, 0, 3019, 38, 
91, 8678, 1616, 0, 3204, 39, 
91, 8844, 1480, 0, 3120, 39, 
89, 8633, 1463, 0, 3080, 38, 
89, 8594, 1497, 0, 3074, 38, 
89, 8635, 1460, 0, 3081, 38, 
95, 9094, 1557, 0, 3224, 41, 
95, 9028, 1546, 0, 3209, 41, 
95, 9049, 1541, 0, 3206, 40, 
92, 8857, 1511, 0, 3159, 40, 
93, 8891, 1503, 0, 3165, 40, 
91, 8868, 1624, 0, 3206, 40, 
91, 8789, 1575, 0, 3132, 40, 
95, 8806, 1574, 0, 3218, 41, 
95, 8990, 1553, 0, 3218, 41, 
95, 8940, 1544, 0, 3207, 41, 
93, 8629, 1500, 0, 3138, 40, 
93, 8818, 1511, 0, 3152, 40, 
89, 8961, 1565, 0, 3175, 39, 
89, 8640, 1609, 0, 3202, 38, 
160, 14216, 1683, 0, 3227, 41, 
93, 9082, 1507, 0, 3079, 39, 
92, 8864, 1515, 0, 3184, 40, 
93, 8843, 1514, 0, 3131, 40, 
89, 8532, 1519, 0, 3026, 38, 
89, 8720, 1480, 0, 3027, 38, 
89, 8577, 1471, 0, 3118, 38, 
89, 8559, 1482, 0, 3260, 38, 
89, 8765, 1605, 0, 3006, 38, 
124, 8647, 1493, 0, 3187, 53, 
89, 8531, 1499, 0, 3151, 38, 
91, 8633, 1508, 0, 3070, 38, 
89, 9058, 1545, 0, 3199, 39, 
96, 8750, 1486, 0, 3085, 38, 
91, 9055, 1562, 0, 3131, 39, 
91, 8745, 1475, 0, 3108, 39, 
89, 8706, 1476, 0, 3055, 38, 
89, 8597, 1480, 0, 3079, 38, 
91, 8857, 1619, 0, 3194, 39, 
90, 9450, 1544, 0, 3168, 38, 
91, 8776, 1517, 0, 3117, 39, 
91, 8801, 1514, 0, 3070, 39, 
91, 8757, 1481, 0, 3108, 39, 
90, 8834, 1477, 0, 3105, 39, 
89, 8627, 1480, 0, 3072, 38, 
89, 8572, 1516, 0, 3080, 38, 
89, 8607, 1479, 0, 3087, 38, 
89, 8642, 1559, 0, 3083, 38, 
89, 8739, 1483, 0, 3087, 38, 
89, 8624, 1580, 0, 3197, 39, 
89, 8867, 1484, 0, 3081, 38, 
89, 8586, 1529, 0, 3063, 38, 
89, 8596, 1476, 0, 3067, 38, 
89, 8620, 1579, 0, 3075, 39, 
89, 8607, 1483, 0, 3048, 38, 
89, 8599, 1522, 0, 3008, 38, 
89, 8583, 1495, 0, 3048, 39, 
89, 8845, 1515, 0, 3003, 38, 
91, 8654, 1513, 0, 3064, 38, 
89, 8584, 1493, 0, 3013, 71, 
89, 8813, 1494, 0, 3095, 38, 
89, 8588, 1545, 0, 3015, 38, 
89, 8634, 1485, 0, 3070, 39, 
89, 8577, 1492, 0, 3071, 38, 
111, 8628, 1483, 0, 3075, 38, 
89, 8603, 1494, 0, 3089, 38, 
91, 8658, 1486, 0, 3056, 38, 
89, 8601, 1488, 0, 3085, 38, 
89, 8619, 1592, 0, 3073, 38, 
89, 8711, 1493, 0, 3068, 39, 
125, 8664, 1479, 0, 3074, 38, 
89, 8664, 1583, 0, 3016, 38, 
91, 9143, 1524, 0, 3099, 38, 
89, 8596, 1551, 0, 3015, 38, 
89, 8622, 1495, 0, 3052, 38, 
89, 8631, 1556, 0, 3088, 38, 
89, 8604, 1497, 0, 3070, 38, 
89, 8648, 1528, 0, 3021, 38, 
89, 8610, 1496, 0, 3071, 38, 
89, 8602, 1531, 0, 3025, 38, 
89, 8641, 1496, 0, 3058, 39, 
89, 8610, 1543, 0, 3034, 38, 
89, 8625, 1496, 0, 3063, 38, 
89, 8596, 1560, 0, 3032, 38, 
89, 8618, 1532, 0, 3084, 38, 
89, 8601, 1530, 0, 3023, 38, 
89, 8632, 1535, 0, 3100, 38, 
89, 8593, 1527, 0, 3018, 38, 
89, 8663, 1541, 0, 3077, 38, 
89, 8693, 1542, 0, 3026, 39, 
139, 9204, 1629, 0, 3207, 39, 
92, 8691, 1475, 0, 3136, 39, 
91, 8766, 1542, 0, 3065, 39, 
90, 8702, 1512, 0, 3051, 38, 
89, 8614, 1533, 0, 3015, 38, 
89, 8602, 1492, 0, 3087, 38, 
89, 8567, 1528, 0, 3019, 38, 
89, 9008, 1545, 0, 3240, 39, 
89, 8700, 1499, 0, 3070, 38, 
89, 8623, 1493, 0, 3131, 39, 
89, 8663, 1547, 0, 3209, 39, 
89, 8832, 1512, 0, 3017, 68, 
91, 8667, 1496, 0, 3071, 38, 
89, 8581, 1494, 0, 3043, 38, 
89, 8629, 1504, 0, 3055, 39, 
89, 8582, 1494, 0, 3047, 39, 
89, 8603, 1538, 0, 3063, 38, 
89, 8556, 1483, 0, 3056, 38, 
89, 8602, 1493, 0, 3053, 38, 
89, 8621, 1493, 0, 3075, 38, 
89, 8639, 1629, 0, 3531, 39, 
89, 8619, 1496, 0, 3112, 38, 
104, 8635, 1502, 0, 3102, 38, 
89, 8608, 1496, 0, 3043, 60, 
91, 8631, 1488, 0, 3073, 38, 
89, 8589, 1496, 0, 3065, 38, 
89, 8617, 1496, 0, 3059, 39, 
89, 8602, 1491, 0, 3092, 38, 
93, 8757, 1487, 0, 3106, 39, 
89, 8626, 1566, 0, 3014, 38, 
91, 8867, 1525, 0, 3117, 40, 
89, 8654, 1556, 0, 3113, 39, 
91, 8743, 1504, 0, 3113, 39, 
91, 8667, 1493, 0, 3089, 38, 
89, 8603, 1533, 0, 3024, 38, 
122, 8592, 1497, 0, 3051, 38, 
89, 8587, 1490, 0, 3053, 38, 
110, 9092, 1568, 0, 3153, 40, 
92, 9358, 1543, 0, 3214, 41, 
92, 8969, 1573, 0, 3144, 40, 
93, 8939, 1547, 0, 3145, 40, 
89, 8608, 1493, 0, 3070, 38, 
116, 8658, 1495, 0, 3074, 38, 
89, 8613, 1489, 0, 3057, 38, 
89, 8679, 1496, 0, 3037, 38, 
89, 8601, 1499, 0, 3041, 38, 
89, 8617, 1503, 0, 3047, 38, 
91, 8714, 1473, 0, 3054, 38, 
89, 8877, 1523, 0, 3125, 39, 
89, 8629, 1557, 0, 3346, 39, 
89, 8637, 1471, 0, 3049, 38, 
89, 8583, 1516, 0, 3021, 38, 
89, 8664, 1485, 0, 3075, 39, 
89, 8657, 1551, 0, 3078, 38, 
89, 8674, 1530, 0, 3056, 39, 
89, 8691, 1492, 0, 3019, 38, 
89, 8593, 1478, 0, 3018, 39, 
90, 8830, 1560, 0, 3124, 39, 
89, 8622, 1592, 0, 3034, 39, 
91, 8769, 1542, 0, 3124, 39, 
91, 8838, 1506, 0, 3108, 39, 
89, 8625, 1540, 0, 3005, 38, 
89, 8706, 1529, 0, 3103, 38, 
89, 8604, 1548, 0, 2997, 38, 
89, 8608, 1500, 0, 3088, 38, 
89, 8579, 1545, 0, 3006, 38, 
89, 8592, 1490, 0, 3037, 39, 
89, 8584, 1538, 0, 3058, 38, 
89, 8689, 1494, 0, 3053, 38, 
91, 8710, 1475, 0, 3102, 39, 
89, 8626, 1495, 0, 3036, 38, 
89, 8590, 1545, 0, 3008, 38, 
153, 8808, 1494, 0, 3082, 39, 
89, 8679, 1563, 0, 3004, 38, 
139, 8640, 1494, 0, 3115, 38, 
89, 8586, 1494, 0, 3078, 38, 
89, 8659, 1504, 0, 3046, 38, 
89, 8585, 1490, 0, 3057, 38, 
89, 8579, 1536, 0, 3044, 38, 
89, 8588, 1487, 0, 3041, 38, 
91, 8758, 1531, 0, 3106, 39, 
89, 8606, 1494, 0, 3057, 38, 
89, 8647, 1496, 0, 3079, 39, 
89, 8604, 1494, 0, 3061, 38, 
89, 8692, 1496, 0, 3082, 38, 
89, 8589, 1490, 0, 3068, 38, 
89, 8589, 1553, 0, 3043, 38, 
89, 8575, 1496, 0, 3078, 38, 
89, 8611, 1544, 0, 3010, 38, 
89, 8612, 1491, 0, 3068, 38, 
89, 8570, 1591, 0, 3008, 38, 
89, 8588, 1561, 0, 3107, 38, 
89, 8577, 1541, 0, 3008, 38, 
89, 8605, 1500, 0, 3080, 38, 
89, 8864, 1558, 0, 3033, 38, 
89, 8624, 1498, 0, 3038, 38, 
89, 8619, 1539, 0, 3016, 38, 
89, 8637, 1539, 0, 3314, 38, 
89, 8601, 1578, 0, 3020, 38, 
89, 8635, 1495, 0, 3091, 38, 
89, 8678, 1501, 0, 3099, 38, 
91, 8853, 1565, 0, 3088, 73, 
91, 8843, 1513, 0, 3127, 39, 
89, 8609, 1553, 0, 3073, 38, 
89, 8608, 1502, 0, 3116, 38, 
89, 8705, 1487, 0, 3048, 38, 
89, 8618, 1498, 0, 3078, 38, 
89, 8571, 1531, 0, 3058, 38, 
89, 8606, 1503, 0, 3060, 38, 
89, 8575, 1539, 0, 3012, 38, 
89, 8608, 1593, 0, 3061, 38, 
89, 8598, 1601, 0, 3112, 53, 
89, 8604, 1488, 0, 3111, 38, 
89, 8580, 1536, 0, 3009, 38, 
89, 8648, 1492, 0, 3111, 38, 
89, 8589, 1561, 0, 3010, 39, 
89, 8573, 1549, 0, 3052, 38, 
89, 8571, 1496, 0, 3131, 38, 
89, 8635, 1493, 0, 3061, 38, 
89, 8577, 1490, 0, 3079, 38, 
150, 8612, 1443, 0, 3073, 38, 
89, 8629, 1501, 0, 3077, 38, 
91, 8624, 1483, 0, 3073, 38, 
89, 8606, 1488, 0, 3082, 38, 
89, 8616, 1495, 0, 3068, 38, 
89, 8622, 1545, 0, 3013, 38, 
89, 8602, 1493, 0, 3062, 38, 
89, 8618, 1488, 0, 3034, 38, 
89, 8630, 1492, 0, 3076, 38, 
89, 8587, 1489, 0, 3074, 39, 
89, 8668, 1550, 0, 3079, 38, 
89, 8596, 1495, 0, 3076, 38, 
89, 8632, 1497, 0, 3051, 38, 
89, 8574, 1503, 0, 3053, 38, 
89, 8622, 1569, 0, 3092, 38, 
89, 8561, 1495, 0, 3069, 38, 
89, 8623, 1543, 0, 3024, 38, 
89, 8557, 1492, 0, 3048, 38, 
89, 8554, 1559, 0, 3040, 39, 
89, 8559, 1542, 0, 3042, 38, 
89, 8559, 1539, 0, 3012, 38, 
89, 8553, 1506, 0, 3047, 38, 
89, 8736, 1547, 0, 3012, 39, 
89, 8585, 1524, 0, 3072, 38, 
89, 8613, 1546, 0, 3005, 38, 
126, 8583, 1494, 0, 3081, 38, 
89, 8570, 1515, 0, 3074, 38, 
89, 8631, 1490, 0, 3040, 38, 
89, 8624, 1485, 0, 3062, 38, 
89, 8927, 1495, 0, 3075, 38, 
89, 8633, 1493, 0, 3089, 38, 
89, 8673, 1501, 0, 3065, 38, 
89, 8597, 1551, 0, 3280, 39, 
89, 8634, 1497, 0, 3073, 38, 
89, 8762, 1569, 0, 3018, 38, 
89, 8606, 1504, 0, 3087, 38, 
89, 8635, 1554, 0, 3010, 38, 
89, 8596, 1510, 0, 3086, 38, 
89, 8600, 1559, 0, 3011, 38, 
89, 8589, 1492, 0, 3117, 38, 
89, 8645, 1556, 0, 3026, 38, 
89, 8583, 1524, 0, 3080, 38, 
91, 8875, 1550, 0, 3129, 54, 
89, 8768, 1503, 0, 3054, 38, 
89, 8835, 1499, 0, 3100, 38, 
89, 8744, 1582, 0, 3011, 38, 
89, 8735, 1498, 0, 3048, 38, 
96, 8698, 1477, 0, 3013, 38, 
89, 8719, 1482, 0, 3034, 38, 
89, 8710, 1510, 0, 3209, 38, 
89, 8686, 1481, 0, 3199, 38, 
89, 8786, 1500, 0, 3090, 39, 
89, 9314, 1588, 0, 3387, 38, 
91, 9141, 1559, 0, 3164, 38, 
95, 9184, 1544, 0, 3390, 39, 
93, 8960, 1516, 0, 3188, 40, 
93, 8899, 1548, 0, 3177, 40, 
89, 8637, 1556, 0, 3013, 38, 
89, 8680, 1531, 0, 3073, 38, 
89, 8737, 1493, 0, 3029, 38, 
89, 8644, 1500, 0, 3045, 38, 
89, 8620, 1525, 0, 3022, 38, 
89, 8616, 1546, 0, 3122, 39, 
89, 8595, 1527, 0, 3037, 38, 
89, 8681, 1494, 0, 3058, 39, 
89, 8619, 1536, 0, 3046, 38, 
89, 8696, 1502, 0, 3034, 38, 
89, 8701, 1531, 0, 3076, 38, 
89, 8587, 1527, 0, 3060, 38, 
89, 8603, 1572, 0, 3080, 39, 
89, 8909, 1499, 0, 3079, 38, 
89, 8605, 1573, 0, 3059, 38, 
89, 8647, 1513, 0, 3274, 39, 
91, 8810, 1490, 0, 3164, 39, 
91, 8736, 1512, 0, 3066, 54, 
89, 8572, 1524, 0, 3066, 38, 
89, 8627, 1540, 0, 3008, 38, 
89, 8583, 1518, 0, 3069, 38, 
89, 8737, 1543, 0, 3012, 38, 
89, 8768, 1559, 0, 3216, 39, 
89, 8633, 1589, 0, 3166, 38, 
91, 8777, 1484, 0, 3082, 39, 
89, 8705, 1564, 0, 3269, 39, 
89, 8610, 1527, 0, 3006, 38, 
89, 8589, 1504, 0, 3066, 38, 
89, 9965, 2549, 0, 3232, 63, 
141, 8614, 1477, 0, 3066, 38, 
92, 9010, 1506, 0, 3183, 40, 
93, 8936, 1547, 0, 3124, 40, 
89, 8594, 1501, 0, 3056, 38, 
89, 8615, 1550, 0, 3061, 39, 
89, 8567, 1496, 0, 3047, 38, 
89, 8595, 1545, 0, 3262, 38, 
89, 8690, 1485, 0, 3044, 39, 
89, 8600, 1541, 0, 3078, 38, 
89, 8574, 1496, 0, 3036, 38, 
91, 8608, 1537, 0, 3013, 38, 
89, 8620, 1498, 0, 3069, 38, 
89, 8733, 1584, 0, 3067, 38, 
89, 8609, 1493, 0, 3346, 38, 
89, 8670, 1560, 0, 3092, 38, 
89, 8596, 1506, 0, 3073, 38, 
89, 8609, 1556, 0, 3196, 38, 
89, 8913, 1492, 0, 3045, 38, 
89, 8640, 1494, 0, 3092, 38, 
89, 8599, 1498, 0, 3095, 38, 
89, 8659, 1491, 0, 3067, 38, 
89, 8588, 1498, 0, 3140, 38, 
89, 8574, 1526, 0, 3091, 38, 
89, 8579, 1495, 0, 3083, 38, 
89, 8594, 1543, 0, 3149, 39, 
89, 8592, 1497, 0, 3057, 38, 
89, 8572, 1557, 0, 3009, 38, 
89, 8651, 1489, 0, 3056, 38, 
89, 8651, 1527, 0, 3066, 38, 
89, 8618, 1495, 0, 3043, 38, 
89, 8625, 1536, 0, 3004, 38, 
89, 8578, 1494, 0, 3079, 39, 
120, 8618, 1550, 0, 3002, 38, 
89, 8611, 1539, 0, 3127, 38, 
89, 8584, 1543, 0, 3006, 38, 
89, 8641, 1489, 0, 3044, 38, 
89, 8635, 1494, 0, 3029, 38, 
89, 8695, 1498, 0, 3077, 38, 
89, 8609, 1567, 0, 3015, 38, 
89, 8587, 1496, 0, 3050, 38, 
91, 8732, 1524, 0, 3073, 39, 
89, 8588, 1502, 0, 3077, 38, 
89, 8602, 1490, 0, 3112, 38, 
89, 8691, 1496, 0, 3078, 38, 
89, 8613, 1513, 0, 3012, 67, 
89, 8642, 1487, 0, 3035, 38, 
89, 8626, 1493, 0, 3063, 38, 
89, 8712, 1561, 0, 3269, 38, 
89, 8718, 1529, 0, 3017, 38, 
89, 8576, 1545, 0, 3049, 38, 
89, 8651, 1560, 0, 3011, 38, 
89, 8596, 1520, 0, 3067, 38, 
105, 8668, 1556, 0, 3009, 38, 
89, 8640, 1493, 0, 3087, 38, 
89, 8590, 1529, 0, 3010, 38, 
89, 8584, 1541, 0, 3045, 38, 
91, 8615, 1515, 0, 3003, 38, 
116, 8677, 1530, 0, 3252, 53, 
89, 8886, 1562, 0, 3021, 38, 
89, 8574, 1495, 0, 3096, 38, 
89, 8585, 1460, 0, 3069, 38, 
89, 8634, 1487, 0, 3045, 38, 
89, 8620, 1502, 0, 3051, 38, 
89, 8575, 1545, 0, 3050, 38, 
89, 8588, 1485, 0, 3068, 38, 
89, 8562, 1523, 0, 3008, 38, 
89, 8604, 1502, 0, 3052, 38, 
89, 8662, 1594, 0, 3075, 39, 
89, 8560, 1491, 0, 3235, 38, 
89, 8606, 1556, 0, 3010, 38, 
89, 8612, 1495, 0, 3041, 38, 
89, 8577, 1533, 0, 3015, 38, 
89, 8566, 1542, 0, 3020, 38, 
89, 8677, 1559, 0, 3041, 38, 
89, 8489, 1541, 0, 3020, 38, 
89, 8566, 1483, 0, 3061, 38, 
91, 8880, 1496, 0, 3083, 38, 
90, 8638, 1568, 0, 3017, 38, 
89, 8738, 1474, 0, 3077, 38, 
89, 8646, 1508, 0, 3042, 38, 
89, 8529, 1482, 0, 3007, 39, 
89, 8626, 1459, 0, 3037, 38, 
89, 9109, 1576, 0, 3167, 38, 
89, 8919, 1568, 0, 3147, 39, 
89, 8529, 1516, 0, 3049, 38, 
89, 8559, 1498, 0, 3039, 38, 
89, 8593, 1494, 0, 3047, 38, 
89, 8632, 1513, 0, 3011, 38, 
89, 8529, 1485, 0, 3056, 38, 
89, 8817, 1513, 0, 3075, 53, 
111, 8609, 1512, 0, 3081, 39, 
89, 8612, 1551, 0, 3022, 38, 
91, 8782, 1520, 0, 3163, 39, 
89, 9152, 1659, 0, 3459, 39, 
89, 8670, 1507, 0, 3078, 38, 
89, 8577, 1493, 0, 3053, 38, 
89, 8702, 1522, 0, 3092, 39, 
89, 8818, 1496, 0, 3048, 38, 
89, 8602, 1484, 0, 3071, 38, 
89, 8866, 1492, 0, 3061, 38, 
89, 8542, 1494, 0, 3089, 38, 
89, 8554, 1526, 0, 3014, 38, 
89, 8632, 1464, 0, 3054, 38, 
89, 8546, 1531, 0, 3021, 39, 
89, 8591, 1474, 0, 3087, 38, 
89, 8620, 1504, 0, 3025, 38, 
89, 8641, 1532, 0, 3060, 38, 
89, 8637, 1494, 0, 3089, 38, 
89, 8561, 1491, 0, 3349, 38, 
89, 8557, 1492, 0, 3026, 38, 
89, 8525, 1545, 0, 3032, 38, 
89, 8553, 1524, 0, 3015, 38, 
89, 8621, 1530, 0, 3009, 38, 
90, 8576, 1485, 0, 3061, 38, 
89, 8688, 1548, 0, 3019, 38, 
89, 8592, 1533, 0, 3015, 38, 
89, 8591, 1485, 0, 3010, 38, 
89, 8668, 1484, 0, 3049, 38, 
89, 8597, 1503, 0, 3056, 38, 
89, 8599, 1526, 0, 3051, 38, 
89, 8540, 1569, 0, 3047, 38, 
89, 8578, 1527, 0, 3017, 38, 
89, 8698, 1498, 0, 3078, 38, 
89, 8603, 1522, 0, 3027, 38, 
89, 8735, 1550, 0, 3070, 38, 
89, 8570, 1528, 0, 3011, 38, 
89, 8642, 1561, 0, 3081, 38, 
89, 8599, 1543, 0, 3026, 39, 
89, 8599, 1495, 0, 3054, 38, 
89, 8529, 1492, 0, 3022, 38, 
89, 8659, 1501, 0, 3075, 38, 
89, 8641, 1492, 0, 3040, 38, 
89, 8676, 1496, 0, 3062, 38, 
89, 8672, 1538, 0, 3093, 38, 
89, 8598, 1559, 0, 3045, 38, 
89, 8588, 1464, 0, 3052, 54, 
91, 8890, 1463, 0, 3064, 39, 
89, 8638, 1559, 0, 3016, 38, 
114, 8918, 1491, 0, 3072, 38, 
89, 8682, 1608, 0, 3202, 38, 
89, 8575, 1498, 0, 3064, 38, 
89, 8657, 1518, 0, 3016, 38, 
111, 8644, 1495, 0, 3059, 38, 
89, 8605, 1545, 0, 3020, 52, 
143, 8760, 1504, 0, 3051, 38, 
89, 8604, 1493, 0, 3050, 58, 
88, 8888, 1499, 0, 3057, 38, 
89, 8601, 1548, 0, 3087, 38, 
152, 8657, 1532, 0, 3048, 38, 
89, 8560, 1492, 0, 3038, 38, 
89, 8654, 1501, 0, 3063, 38, 
89, 8572, 1493, 0, 3063, 38, 
89, 8625, 1495, 0, 3118, 38, 
89, 8649, 1490, 0, 3044, 38, 
89, 8588, 1507, 0, 3077, 38, 
89, 8558, 1495, 0, 3038, 38, 
89, 8603, 1539, 0, 3008, 38, 
89, 8574, 1496, 0, 3078, 38, 
89, 8617, 1544, 0, 3011, 38, 
89, 8591, 1494, 0, 3044, 38, 
89, 8589, 1573, 0, 3042, 38, 
89, 8635, 1460, 0, 3061, 38, 
89, 8567, 1524, 0, 3064, 38, 
89, 8592, 1499, 0, 3052, 38, 
89, 8789, 1498, 0, 3062, 38, 
89, 8592, 1549, 0, 3070, 38, 
89, 8606, 1495, 0, 3067, 38, 
89, 8572, 1552, 0, 3044, 38, 
89, 8587, 1505, 0, 3044, 38, 
89, 8623, 1514, 0, 3014, 54, 
89, 8581, 1572, 0, 3194, 39, 
89, 8665, 1520, 0, 3028, 38, 
94, 10718, 1547, 0, 3201, 40, 
92, 8947, 1561, 0, 3197, 40, 
92, 8936, 1564, 0, 3137, 40, 
91, 8760, 1513, 0, 3166, 39, 
91, 8791, 1502, 0, 3067, 39, 
89, 8625, 1492, 0, 3048, 38, 
128, 8816, 1495, 0, 3122, 39, 
89, 8557, 1525, 0, 3013, 38, 
89, 8586, 1490, 0, 3272, 38, 
89, 8770, 1531, 0, 3009, 38, 
139, 8646, 1492, 0, 3058, 38, 
89, 8604, 1493, 0, 3045, 38, 
89, 8842, 1550, 0, 3056, 38, 
89, 8579, 1489, 0, 3067, 38, 
89, 8693, 1551, 0, 3061, 38, 
89, 8587, 1491, 0, 3043, 38, 
89, 8600, 1528, 0, 3046, 39, 
89, 8596, 1538, 0, 3045, 38, 
89, 8596, 1536, 0, 3046, 38, 
89, 8651, 1514, 0, 3152, 39, 
89, 8682, 1505, 0, 3156, 38, 
89, 9313, 1644, 0, 3480, 38, 
89, 8635, 1494, 0, 3111, 38, 
89, 8656, 1512, 0, 3046, 38, 
91, 8761, 1616, 0, 3226, 70, 
89, 8689, 1478, 0, 3037, 38, 
89, 8707, 1494, 0, 3102, 38, 
89, 8814, 1894, 0, 3067, 39, 
89, 8623, 1553, 0, 3008, 38, 
89, 8607, 1491, 0, 3085, 38, 
89, 8638, 1551, 0, 3047, 38, 
89, 8593, 1491, 0, 3059, 38, 
91, 8730, 1526, 0, 3098, 39, 
89, 8591, 1494, 0, 3078, 38, 
89, 8603, 1554, 0, 3051, 38, 
89, 8617, 1508, 0, 3051, 38, 
89, 8608, 1537, 0, 3017, 38, 
89, 8577, 1488, 0, 3051, 38, 
89, 8656, 1546, 0, 3008, 38, 
89, 8657, 1493, 0, 3057, 38, 
89, 8627, 1622, 0, 3071, 38, 
89, 8772, 1488, 0, 3123, 38, 
89, 8669, 1493, 0, 3053, 38, 
89, 8655, 1497, 0, 3066, 38, 
89, 8651, 1493, 0, 3061, 38, 
89, 8590, 1487, 0, 3063, 38, 
89, 8665, 1492, 0, 3069, 38, 
89, 8578, 1480, 0, 3059, 38, 
89, 8715, 1570, 0, 3069, 38, 
89, 8576, 1492, 0, 3155, 38, 
89, 8725, 1501, 0, 3078, 38, 
89, 8676, 1488, 0, 3040, 38, 
89, 8639, 1485, 0, 3050, 38, 
89, 8641, 1496, 0, 3063, 38, 
89, 8592, 1562, 0, 3064, 38, 
89, 8658, 1491, 0, 3075, 38, 
89, 8575, 1545, 0, 3007, 38, 
89, 8585, 1497, 0, 3065, 38, 
89, 8598, 1544, 0, 3014, 38, 
89, 8604, 1498, 0, 3039, 38, 
89, 8867, 1540, 0, 3043, 38, 
89, 8704, 1493, 0, 3087, 38, 
89, 8618, 1496, 0, 3063, 38, 
89, 8590, 1561, 0, 3126, 38, 
89, 8581, 1496, 0, 3104, 38, 
89, 8572, 1527, 0, 3023, 38, 
89, 8607, 1496, 0, 3059, 38, 
89, 8602, 1562, 0, 3003, 38, 
91, 8745, 1486, 0, 3116, 39, 
89, 8571, 1527, 0, 3088, 38, 
89, 8618, 1501, 0, 3216, 38, 
89, 8607, 1546, 0, 3062, 38, 
89, 8602, 1496, 0, 3099, 38, 
89, 8599, 1551, 0, 3061, 38, 
89, 8581, 1493, 0, 3133, 38, 
89, 8603, 1555, 0, 3090, 38, 
89, 8571, 1493, 0, 3047, 38, 
89, 8557, 1525, 0, 3044, 38, 
89, 8772, 1582, 0, 3071, 38, 
89, 8683, 1487, 0, 3110, 38, 
89, 8590, 1496, 0, 3054, 38, 
89, 8592, 1496, 0, 3040, 38, 
89, 8593, 1509, 0, 3059, 38, 
89, 8590, 1497, 0, 3077, 38, 
91, 8727, 1652, 0, 3090, 38, 
89, 8611, 1486, 0, 3050, 38, 
89, 8609, 1494, 0, 3067, 38, 
89, 8657, 1516, 0, 3049, 38, 
89, 8559, 1500, 0, 3036, 38, 
89, 8599, 1529, 0, 3078, 38, 
89, 8592, 1496, 0, 3076, 38, 
89, 8608, 1529, 0, 3068, 38, 
89, 8595, 1495, 0, 3043, 38, 
89, 8575, 1528, 0, 3058, 38, 
89, 8715, 1518, 0, 3088, 39, 
89, 8571, 1559, 0, 3022, 38, 
89, 8615, 1486, 0, 3051, 38, 
89, 8594, 1539, 0, 3019, 38, 
89, 8578, 1532, 0, 3058, 38, 
89, 8659, 1496, 0, 3266, 60, 
89, 8606, 1497, 0, 3036, 38, 
105, 8774, 1610, 0, 3007, 39, 
89, 8583, 1569, 0, 3044, 38, 
89, 8595, 1491, 0, 3022, 73, 
89, 8608, 1493, 0, 3065, 38, 
89, 8594, 1494, 0, 3062, 38, 
89, 8609, 1498, 0, 3074, 38, 
89, 8576, 1480, 0, 3033, 38, 
89, 8570, 1557, 0, 3122, 38, 
89, 8591, 1507, 0, 3044, 38, 
89, 8624, 1575, 0, 3076, 38, 
89, 8578, 1595, 0, 3187, 38, 
89, 8672, 1548, 0, 3098, 38, 
89, 8571, 1493, 0, 3083, 38, 
89, 8586, 1538, 0, 3009, 38, 
89, 8569, 1518, 0, 3035, 38, 
89, 8569, 1543, 0, 3013, 38, 
89, 8574, 1534, 0, 3047, 38, 
89, 8582, 1498, 0, 3012, 70, 
89, 8660, 1492, 0, 3096, 38, 
89, 8780, 1581, 0, 3097, 39, 
91, 9260, 1543, 0, 3061, 39, 
91, 8773, 1511, 0, 3122, 39, 
91, 8856, 1488, 0, 3117, 39, 
91, 8681, 1541, 0, 3081, 53, 
89, 8574, 1511, 0, 3050, 38, 
89, 8592, 1555, 0, 3014, 38, 
118, 8578, 1500, 0, 3054, 38, 
89, 8612, 1494, 0, 3039, 38, 
89, 8667, 1495, 0, 3088, 38, 
89, 8580, 1486, 0, 3057, 38, 
89, 8654, 1509, 0, 3045, 38, 
89, 8592, 1490, 0, 3022, 87, 
92, 8671, 1466, 0, 3032, 38, 
89, 8645, 1495, 0, 3101, 39, 
89, 8661, 1494, 0, 3038, 38, 
89, 8578, 1476, 0, 3091, 39, 
89, 8640, 1479, 0, 3020, 39, 
89, 8560, 1479, 0, 3053, 38, 
103, 8578, 1486, 0, 3045, 38, 
89, 8534, 1475, 0, 3185, 38, 
89, 9008, 1747, 0, 3131, 38, 
89, 8684, 1481, 0, 3120, 38, 
89, 8592, 1506, 0, 3060, 53, 
89, 8963, 1542, 0, 3261, 38, 
89, 8624, 1494, 0, 3066, 38, 
89, 8607, 1552, 0, 3014, 38, 
89, 8654, 1491, 0, 3071, 38, 
89, 8607, 1533, 0, 3012, 38, 
89, 8688, 1563, 0, 3051, 38, 
89, 8592, 1606, 0, 3192, 39, 
89, 8589, 1491, 0, 3054, 38, 
89, 8583, 1551, 0, 3001, 38, 
89, 8601, 1492, 0, 3073, 38, 
89, 8574, 1514, 0, 3021, 67, 
111, 8619, 1477, 0, 3074, 38, 
89, 8583, 1492, 0, 3095, 38, 
89, 8646, 1495, 0, 3050, 38, 
89, 8612, 1497, 0, 3066, 38, 
89, 8683, 1494, 0, 3089, 38, 
89, 8605, 1491, 0, 3066, 38, 
89, 8656, 1480, 0, 3080, 38, 
89, 8592, 1541, 0, 3008, 38, 
104, 8570, 1492, 0, 3075, 38, 
89, 8594, 1489, 0, 3062, 39, 
89, 8714, 1498, 0, 3045, 38, 
89, 8655, 1491, 0, 3062, 38, 
89, 8643, 1492, 0, 3067, 38, 
89, 8590, 1490, 0, 3065, 38, 
89, 8622, 1522, 0, 3098, 38, 
89, 8641, 1488, 0, 3048, 38, 
89, 8599, 1524, 0, 3049, 38, 
89, 8586, 1498, 0, 3061, 38, 
89, 8577, 1549, 0, 3043, 38, 
89, 8636, 1498, 0, 3090, 38, 
89, 8616, 1563, 0, 3037, 38, 
89, 8635, 1510, 0, 3090, 38, 
89, 8600, 1492, 0, 3059, 38, 
89, 8592, 1503, 0, 3061, 38, 
91, 8706, 1562, 0, 3115, 38, 
89, 8649, 1499, 0, 3106, 38, 
103, 8629, 1500, 0, 3074, 38, 
89, 8643, 1488, 0, 3060, 39, 
89, 8704, 1495, 0, 3132, 38, 
89, 8597, 1484, 0, 3137, 38, 
89, 8680, 1491, 0, 3069, 38, 
89, 8598, 1500, 0, 3068, 39, 
89, 8586, 1541, 0, 3077, 38, 
89, 8574, 1497, 0, 3061, 38, 
89, 8588, 1542, 0, 3053, 38, 
89, 8721, 1518, 0, 3044, 38, 
89, 8572, 1544, 0, 3242, 38, 
89, 8591, 1499, 0, 3068, 38, 
89, 8580, 1530, 0, 3007, 38, 
89, 8593, 1552, 0, 3094, 38, 
89, 8571, 1545, 0, 3016, 38, 
89, 8720, 1489, 0, 3060, 38, 
89, 8611, 1492, 0, 3082, 38, 
89, 8727, 1491, 0, 3061, 39, 
89, 8911, 1491, 0, 3099, 38, 
89, 8641, 1503, 0, 3075, 38, 
89, 8623, 1491, 0, 3065, 38, 
125, 8773, 1465, 0, 3061, 38, 
89, 8564, 1508, 0, 3015, 84, 
89, 8633, 1545, 0, 3118, 38, 
89, 8596, 1524, 0, 3078, 39, 
89, 8657, 1489, 0, 3088, 38, 
89, 8574, 1532, 0, 3007, 38, 
108, 8633, 1495, 0, 3069, 38, 
89, 8606, 1514, 0, 3087, 38, 
89, 8651, 1503, 0, 3056, 38, 
89, 8577, 1494, 0, 3042, 38, 
89, 8667, 1495, 0, 3073, 38, 
89, 8577, 1514, 0, 3093, 38, 
91, 8668, 1493, 0, 3089, 38, 
89, 8591, 1495, 0, 3068, 38, 
89, 8618, 1493, 0, 3060, 38, 
89, 8618, 1485, 0, 3063, 38, 
89, 8701, 1494, 0, 3066, 38, 
89, 8673, 1499, 0, 3098, 38, 
89, 8645, 1490, 0, 3091, 38, 
91, 9238, 1516, 0, 3014, 39, 
89, 8687, 1552, 0, 3214, 39, 
91, 8889, 1502, 0, 3146, 39, 
90, 8739, 1568, 0, 3007, 38, 
89, 8653, 1496, 0, 3110, 38, 
89, 8634, 1530, 0, 3014, 38, 
89, 8583, 1493, 0, 3064, 38, 
89, 8585, 1549, 0, 3005, 38, 
122, 8593, 1515, 0, 3088, 39, 
89, 8605, 1492, 0, 3135, 38, 
91, 8648, 1481, 0, 3048, 38, 
89, 8583, 1559, 0, 3137, 53, 
89, 8601, 1494, 0, 3061, 38, 
89, 8656, 1575, 0, 3000, 38, 
118, 8583, 1478, 0, 3058, 38, 
89, 8589, 1492, 0, 3050, 38, 
89, 8589, 1493, 0, 3073, 38, 
89, 8594, 1490, 0, 3061, 38, 
89, 8586, 1634, 0, 3080, 38, 
89, 8607, 1492, 0, 3075, 38, 
89, 9107, 1555, 0, 3124, 39, 
89, 8601, 1503, 0, 3083, 38, 
89, 8612, 1529, 0, 3122, 38, 
89, 8604, 1582, 0, 3008, 38, 
89, 8614, 1544, 0, 3053, 38, 
89, 8644, 1551, 0, 3007, 38, 
122, 8572, 1489, 0, 3031, 38, 
89, 8574, 1493, 0, 3062, 38, 
89, 8632, 1539, 0, 3080, 38, 
89, 8669, 1511, 0, 3051, 38, 
123, 9054, 1555, 0, 3019, 38, 
89, 8584, 1559, 0, 3020, 38, 
89, 8646, 1488, 0, 3046, 38, 
89, 8540, 1476, 0, 3046, 38, 
89, 8721, 1494, 0, 3055, 38, 
89, 8600, 1473, 0, 3021, 38, 
89, 8633, 1553, 0, 3058, 38, 
103, 10327, 2521, 0, 3713, 65, 
91, 8785, 1478, 0, 3099, 38, 
95, 9170, 1618, 0, 3302, 46, 
93, 8969, 1508, 0, 3196, 39, 
93, 8942, 1506, 0, 3180, 40, 
93, 8872, 1513, 0, 3137, 40, 
89, 8837, 1552, 0, 3304, 38, 
89, 8614, 1516, 0, 3066, 39, 
89, 8581, 1496, 0, 3042, 38, 
89, 8625, 1492, 0, 3045, 38, 
89, 8558, 1525, 0, 3006, 38, 
89, 8556, 1492, 0, 3170, 38, 
89, 8558, 1526, 0, 3018, 38, 
91, 8750, 1497, 0, 3118, 39, 
89, 8598, 1554, 0, 3097, 38, 
89, 8592, 1495, 0, 3076, 38, 
89, 8604, 1557, 0, 3044, 38, 
89, 8555, 1496, 0, 3103, 38, 
89, 8575, 1548, 0, 3027, 38, 
89, 8553, 1480, 0, 3033, 38, 
89, 8679, 1536, 0, 3107, 38, 
89, 8612, 1496, 0, 3068, 38, 
91, 8838, 1491, 0, 3114, 39, 
89, 8558, 1491, 0, 3108, 38, 
89, 8552, 1522, 0, 3046, 38, 
89, 8563, 1491, 0, 3043, 38, 
89, 8586, 1563, 0, 3005, 38, 
91, 8773, 1529, 0, 3159, 38, 
89, 8624, 1549, 0, 3099, 38, 
89, 8592, 1497, 0, 3079, 38, 
89, 8573, 1531, 0, 3016, 38, 
89, 8581, 1492, 0, 3082, 38, 
89, 8599, 1542, 0, 3003, 38, 
140, 8575, 1499, 0, 3050, 38, 
89, 8599, 1491, 0, 3047, 38, 
89, 8641, 1496, 0, 3227, 38, 
89, 8601, 1488, 0, 3053, 38, 
89, 8605, 1491, 0, 3068, 38, 
89, 8596, 1499, 0, 3047, 38, 
89, 8553, 1528, 0, 3049, 38, 
89, 8640, 1489, 0, 3064, 38, 
89, 8556, 1523, 0, 3012, 39, 
89, 8591, 1499, 0, 3054, 38, 
89, 8635, 1541, 0, 3019, 38, 
89, 8592, 1483, 0, 3067, 38, 
89, 8608, 1517, 0, 3014, 38, 
126, 8630, 1497, 0, 3035, 38, 
89, 8638, 1486, 0, 3061, 38, 
89, 8589, 1484, 0, 3122, 38, 
89, 8639, 1519, 0, 3011, 38, 
103, 8572, 1494, 0, 3074, 38, 
89, 8618, 1492, 0, 3080, 38, 
90, 8627, 1484, 0, 3053, 38, 
89, 8574, 1497, 0, 3069, 38, 
89, 8689, 1496, 0, 3113, 38, 
89, 8568, 1491, 0, 3031, 38, 
89, 8664, 1489, 0, 3048, 38, 
89, 8604, 1499, 0, 3077, 39, 
89, 8662, 1498, 0, 3063, 38, 
89, 8619, 1493, 0, 3039, 38, 
89, 8581, 1552, 0, 3067, 38, 
89, 8637, 1495, 0, 3095, 38, 
89, 8707, 1493, 0, 3068, 38, 
89, 8616, 1544, 0, 3091, 38, 
91, 8779, 1513, 0, 3124, 39, 
105, 8729, 1517, 0, 3072, 39, 
89, 8594, 1564, 0, 3070, 39, 
89, 8580, 1494, 0, 3088, 38, 
89, 8740, 1500, 0, 3065, 38, 
89, 8637, 1494, 0, 3049, 38, 
89, 8639, 1485, 0, 3045, 38, 
89, 8587, 1499, 0, 3100, 38, 
89, 8641, 1492, 0, 3062, 38, 
89, 8571, 1540, 0, 3120, 39, 
89, 8630, 1495, 0, 3099, 38, 
89, 8571, 1486, 0, 3126, 38, 
89, 8626, 1494, 0, 3074, 38, 
89, 8593, 1495, 0, 3110, 38, 
89, 8636, 1681, 0, 3217, 39, 
89, 8572, 1497, 0, 3104, 38, 
89, 8656, 1501, 0, 3058, 38, 
89, 8640, 1496, 0, 3074, 38, 
89, 8617, 1541, 0, 3075, 38, 
90, 8656, 1460, 0, 3077, 38, 
140, 8615, 1487, 0, 3069, 38, 
89, 8599, 1499, 0, 3048, 38, 
111, 8607, 1490, 0, 3048, 39, 
89, 8573, 1489, 0, 3037, 60, 
104, 8616, 1494, 0, 3075, 38, 
89, 8576, 1492, 0, 3065, 38, 
89, 8615, 1490, 0, 3069, 38, 
89, 8569, 1494, 0, 3048, 39, 
89, 8639, 1487, 0, 3046, 39, 
89, 8688, 1487, 0, 3093, 38, 
89, 8658, 1490, 0, 3050, 39, 
89, 8574, 1488, 0, 3087, 38, 
89, 8624, 1544, 0, 3267, 39, 
89, 8573, 1504, 0, 3141, 38, 
89, 8589, 1531, 0, 3044, 38, 
89, 8594, 1461, 0, 3049, 38, 
89, 8595, 1548, 0, 3013, 38, 
89, 8570, 1490, 0, 3049, 38, 
89, 8851, 1548, 0, 3019, 38, 
89, 8593, 1547, 0, 3007, 39, 
89, 8595, 1594, 0, 3044, 38, 
89, 8588, 1497, 0, 3053, 61, 
89, 8632, 1503, 0, 3258, 38, 
89, 8627, 1522, 0, 3013, 38, 
89, 8629, 1493, 0, 3076, 38, 
89, 8676, 1535, 0, 3019, 38, 
89, 8627, 1526, 0, 3063, 38, 
89, 8633, 1518, 0, 3011, 38, 
89, 8586, 1569, 0, 3018, 38, 
89, 8669, 1597, 0, 3009, 38, 
89, 8597, 1491, 0, 3058, 38, 
89, 8642, 1542, 0, 3047, 38, 
89, 8669, 1537, 0, 3196, 38, 
89, 8754, 1551, 0, 3075, 38, 
103, 8595, 1466, 0, 3116, 38, 
91, 8780, 1516, 0, 3113, 38, 
91, 8765, 1552, 0, 3139, 39, 
91, 8738, 1507, 0, 3137, 39, 
103, 8605, 1496, 0, 3162, 38, 
89, 8603, 1491, 0, 3092, 38, 
89, 8650, 1497, 0, 3074, 38, 
89, 8593, 1494, 0, 3085, 38, 
89, 8574, 1535, 0, 3221, 38, 
89, 8593, 1490, 0, 3117, 38, 
103, 8612, 1497, 0, 3082, 39, 
89, 8638, 1502, 0, 3057, 38, 
89, 8621, 1498, 0, 3044, 38, 
89, 8575, 1465, 0, 3071, 38, 
89, 8651, 1492, 0, 3053, 38, 
89, 8576, 1492, 0, 3046, 38, 
89, 8682, 1495, 0, 3047, 38, 
89, 8592, 1494, 0, 3088, 39, 
89, 8669, 1495, 0, 3291, 55, 
89, 8683, 1518, 0, 3395, 39, 
92, 8941, 1562, 0, 3135, 40, 
92, 8938, 1512, 0, 3186, 40, 
92, 8843, 1510, 0, 3143, 39, 
93, 8843, 1509, 0, 3134, 40, 
89, 8587, 1567, 0, 3232, 39, 
89, 8627, 1535, 0, 3073, 38, 
89, 8579, 1554, 0, 3001, 38, 
140, 8612, 1492, 0, 3065, 38, 
89, 8586, 1493, 0, 3251, 38, 
108, 8609, 1494, 0, 3063, 38, 
89, 8614, 1496, 0, 3056, 38, 
89, 8609, 1516, 0, 3053, 39, 
89, 8592, 1490, 0, 3052, 39, 
89, 8604, 1548, 0, 3078, 38, 
89, 8570, 1493, 0, 3078, 38, 
89, 8572, 1562, 0, 3069, 38, 
89, 8692, 1519, 0, 3143, 39, 
89, 8704, 1531, 0, 3116, 38, 
89, 8603, 1492, 0, 3078, 38, 
89, 8620, 1527, 0, 3037, 38, 
89, 8559, 1495, 0, 3047, 39, 
90, 8756, 1530, 0, 3103, 39, 
89, 8565, 1781, 0, 3074, 39, 
89, 8611, 1552, 0, 3077, 38, 
89, 8618, 1497, 0, 3066, 38, 
89, 8656, 1491, 0, 3085, 38, 
90, 8775, 1565, 0, 3070, 40, 
91, 8766, 1513, 0, 3141, 39, 
89, 8674, 1496, 0, 3042, 39, 
89, 8625, 1492, 0, 3033, 60, 
89, 8699, 1493, 0, 3066, 38, 
95, 9092, 1554, 0, 3380, 41, 
93, 8944, 1554, 0, 3185, 40, 
92, 8939, 1553, 0, 3134, 40, 
91, 8777, 1495, 0, 3116, 39, 
91, 8672, 1508, 0, 3272, 39, 
89, 8556, 1492, 0, 3054, 38, 
89, 8684, 1482, 0, 3067, 38, 
89, 8591, 1503, 0, 3053, 38, 
89, 8650, 1490, 0, 3116, 38, 
89, 8570, 1490, 0, 3080, 38, 
89, 8624, 1547, 0, 3057, 38, 
89, 8593, 1490, 0, 3064, 38, 
89, 8639, 1527, 0, 3079, 38, 
89, 8735, 1496, 0, 3125, 38, 
138, 8693, 1498, 0, 3069, 38, 
89, 8624, 1495, 0, 3071, 38, 
89, 8658, 1518, 0, 3071, 38, 
89, 8751, 1514, 0, 3124, 38, 
89, 8614, 1493, 0, 3069, 39, 
89, 8556, 1530, 0, 3014, 38, 
89, 8656, 1494, 0, 3045, 38, 
89, 8701, 1489, 0, 3078, 38, 
89, 8684, 1486, 0, 3071, 38, 
89, 8594, 1485, 0, 3078, 38, 
91, 8694, 1496, 0, 3325, 38, 
89, 8572, 1493, 0, 3079, 38, 
89, 8663, 1537, 0, 3074, 38, 
89, 8574, 1498, 0, 3041, 38, 
89, 8816, 1502, 0, 3062, 38, 
89, 8592, 1496, 0, 3035, 38, 
89, 8664, 1563, 0, 3063, 39, 
89, 8553, 1498, 0, 3055, 38, 
89, 8606, 1530, 0, 3128, 38, 
89, 8559, 1527, 0, 3069, 38, 
140, 8604, 1494, 0, 3062, 38, 
89, 8565, 1500, 0, 3081, 38, 
89, 8601, 1497, 0, 3045, 38, 
120, 8586, 1491, 0, 3055, 38, 
89, 8733, 1494, 0, 3079, 38, 
91, 8644, 1476, 0, 3077, 38, 
91, 8925, 1486, 0, 3143, 39, 
89, 8662, 1517, 0, 3030, 61, 
89, 8714, 1495, 0, 3093, 38, 
89, 8606, 1499, 0, 3084, 38, 
89, 8908, 1489, 0, 3074, 38, 
89, 8600, 1492, 0, 3071, 38, 
89, 8643, 1486, 0, 3255, 38, 
89, 8626, 1490, 0, 3041, 75, 
89, 8601, 1488, 0, 3055, 38, 
89, 8598, 1488, 0, 3076, 38, 
89, 8995, 1489, 0, 3058, 39, 
89, 8725, 1554, 0, 3012, 38, 
105, 8714, 1504, 0, 3131, 38, 
89, 8635, 1560, 0, 3016, 38, 
89, 8622, 1538, 0, 3092, 38, 
89, 8690, 1535, 0, 3014, 38, 
89, 8631, 1523, 0, 3092, 38, 
89, 8607, 1537, 0, 3009, 38, 
89, 8576, 1481, 0, 3082, 38, 
91, 8708, 1545, 0, 3057, 38, 
89, 8624, 1539, 0, 3074, 38, 
89, 8724, 1539, 0, 3056, 38, 
106, 8999, 1648, 0, 3134, 38, 
89, 8796, 1578, 0, 3278, 38, 
89, 8795, 1498, 0, 3066, 38, 
89, 8594, 1529, 0, 3048, 38, 
89, 8612, 1494, 0, 3052, 38, 
89, 8625, 1558, 0, 3013, 38, 
89, 8605, 1503, 0, 3067, 38, 
89, 8602, 1546, 0, 3072, 38, 
89, 8620, 1503, 0, 3072, 38, 
89, 8598, 1538, 0, 3011, 38, 
89, 8655, 1496, 0, 3064, 38, 
89, 8646, 1530, 0, 3025, 39, 
89, 8641, 1498, 0, 3063, 38, 
89, 8621, 1552, 0, 3015, 38, 
89, 8605, 1494, 0, 3069, 38, 
89, 8723, 1570, 0, 3211, 38, 
89, 8611, 1559, 0, 3124, 38, 
89, 8624, 1559, 0, 3055, 38, 
89, 8576, 1472, 0, 3048, 38, 
89, 8597, 1569, 0, 3014, 38, 
89, 8657, 1495, 0, 3060, 38, 
89, 8607, 1556, 0, 3025, 38, 
89, 8834, 1497, 0, 3082, 38, 
89, 8598, 1550, 0, 3019, 38, 
89, 8670, 1495, 0, 3088, 38, 
89, 8630, 1576, 0, 3016, 38, 
89, 8631, 1526, 0, 3127, 56, 
89, 8576, 1567, 0, 2999, 38, 
89, 8607, 1531, 0, 3078, 38, 
89, 8674, 1551, 0, 2998, 38, 
89, 8685, 1523, 0, 3067, 38, 
89, 9214, 1646, 0, 3413, 39, 
89, 8625, 1497, 0, 3060, 106, 
91, 8728, 1483, 0, 3140, 39, 
91, 8801, 1517, 0, 3095, 39, 
89, 8620, 1496, 0, 3128, 38, 
89, 8609, 1565, 0, 3214, 56, 
89, 8706, 1502, 0, 3084, 38, 
89, 8624, 1493, 0, 3068, 38, 
89, 8575, 1491, 0, 3047, 38, 
89, 8726, 1496, 0, 3075, 38, 
89, 8588, 1497, 0, 3070, 38, 
